0
2.97603
2.09165
1.2682
1.16165
1.21972
1.16867
1.08327
1.03189
1.2147
1.0962
1.10623
0.99406
1.16528
1.04807
1.02611
1.05302
0.99298
1.05486
1.01325
1.00956
0.976681
0.931798
0.94215
0.950497
0.969976
0.919971
1.00628
0.949248
0.960758
0.948524
0.927386
0.932333
0.9484
0.888372
0.871598
0.98161
0.932978
0.947824
0.875416
0.939899
0.89808
0.974451
0.927355
0.95127
0.922804
0.903247
0.900929
0.890823
0.904905
0.881148
0.912421
0.964631
0.930492
0.887498
0.920522
0.860753
0.845908
0.865977
0.870309
0.924055
0.913597
0.888541
0.874335
0.880331
0.922051
0.85561
0.85653
0.842692
0.812273
0.822204
0.853506
0.90425
0.853708
0.822856
0.814301
0.817967
0.849371
0.768766
0.858963
0.812463
0.86423
0.841617
0.801775
0.846145
0.827658
0.80197
0.814853
0.835097
0.851886
0.791007
0.82944
0.820441
0.888396
0.816737
0.887284
0.783076
0.810235
0.823017
0.759514
0.804565
0.793585
0.821605
0.789613
0.782705
0.777052
0.809044
0.749869
0.839052
0.851345
0.825961
0.788178
0.823335
0.809602
0.775364
0.817395
0.801826
0.756504
0.777806
0.739035
0.761132
0.779024
0.793286
0.765631
0.766089
0.743072
0.845719
0.755415
0.739342
0.783587
0.776915
0.735507
0.774079
0.748172
0.804554
0.758992
0.739117
0.772999
0.747443
0.7947
0.758215
0.805978
0.795061
0.745649
0.75128
0.743448
0.813363
0.73287
0.762214
0.747574
0.800544
0.748538
0.809389
0.734527
0.70212
0.770712
0.791245
0.696743
0.777559
0.772423
0.744316
0.762812
0.779268
0.745991
0.769644
0.703045
0.714595
0.768179
0.805221
0.787856
0.737023
0.729771
0.760476
0.77131
0.74673
0.736748
0.731552
0.789029
0.764164
0.806853
0.73054
0.73562
0.7511
0.716064
0.748008
0.739605
0.775865
0.804317
0.711326
0.717563
0.745921
0.738589
0.747746
0.767962
0.729715
0.785957
0.762182
0.685174
0.732846
0.694392
0.729038
0.710826
0.735253
0.768507
0.769728
0.696114
0.724098
0.718726
0.671775
0.782296
0.798527
0.77829
0.708074
0.709372
0.730203
0.686282
0.74736
0.770036
0.766543
0.692946
0.739626
0.769775
0.726139
0.727306
0.682769
0.739908
0.715321
0.757888
0.728096
0.708954
0.710871
0.700457
0.750474
0.757381
0.744646
0.732379
0.71285
0.686
0.767872
0.745825
0.688902
0.697282
0.748851
0.746224
0.701026
0.710233
0.752768
0.754366
0.689805
0.726287
0.744422
0.745391
0.716194
0.70481
0.73514
0.701434
0.736789
0.725129
0.705578
0.736397
0.811099
0.74757
0.691729
0.746069
0.737397
0.730488
0.649035
0.719415
0.683412
0.682291
0.702331
0.733459
0.732474
0.730258
0.726366
0.725584
0.708006
0.69734
0.733348
0.671955
0.69555
0.689839
0.740241
0.735799
0.726304
0.705204
0.727971
0.697873
0.684411
0.686587
0.709492
0.705752
0.683596
0.70577
0.686337
0.71796
0.706528
0.715408
0.749276
0.708628
0.714537
0.681659
0.741496
0.700182
0.690375
0.635962
0.671194
0.727546
0.698169
0.654276
0.800271
0.726823
0.703487
0.735735
0.723704
0.696788
0.714444
0.72892
0.680298
0.705195
0.668167
0.666846
0.702142
0.68345
0.724769
0.736936
0.711701
0.686742
0.702577
0.722488
0.643559
0.686589
0.700518
0.692932
0.690365
0.708562
0.700278
0.642845
0.668401
0.64441
0.697179
0.693358
0.745061
0.6631
0.647036
0.669173
0.705907
0.691394
0.682815
0.672812
0.75156
0.73038
0.702533
0.724569
0.772977
0.720275
0.674523
0.717583
0.687886
0.733613
0.662835
0.751046
0.689258
0.73682
0.657274
0.65705
0.732191
0.683798
0.751282
0.673891
0.709281
0.706448
0.708548
0.689788
0.668369
0.655469
0.616416
0.705819
0.716497
0.668072
0.740762
0.699235
0.722796
0.698831
0.715684
0.764398
0.640179
0.703141
0.675716
0.656392
0.701183
0.722938
0.683341
0.670474
0.723235
0.651861
0.679148
0.652509
0.705118
0.69962
0.71303
0.644695
0.731731
0.717909
0.682055
0.671894
0.731539
0.659209
0.649058
0.710848
0.661125
0.712364
0.675633
0.728621
0.675493
0.693869
0.630922
0.698842
0.625349
0.638908
0.676664
0.696045
0.638273
0.689464
0.669141
0.730045
0.727181
0.696599
0.672269
0.742207
0.72231
0.653402
0.695173
0.683673
0.674286
0.664345
0.689421
0.635628
0.751522
0.677478
0.745385
0.663572
0.747017
0.65435
0.712702
0.683705
0.671655
0.657298
0.673274
0.757608
0.700738
0.759343
0.674339
0.655889
0.664747
0.697172
0.69648
0.676187
0.68014
0.657037
0.685943
0.657389
0.673868
0.710416
0.816614
0.722392
0.672733
0.689013
0.696344
0.7297
0.648612
0.678916
0.654665
0.70365
0.656783
0.623467
0.690033
0.681836
0.708839
0.681813
0.637488
0.701147
0.678725
0.684389
0.664379
0.662274
0.682607
0.704205
0.677783
0.692676
0.655767
0.666814
0.664216
0.720554
0.661721
0.687202
0.62518
0.728617
0.697151
0.677656
0.638332
0.66833
0.744178
0.649361
0.709457
0.693056
0.684134
0.643231
0.657619
0.638521
0.755682
0.675944
0.727823
0.65016
0.735142
0.70769
0.646285
0.674344
0.690627
0.709612
0.686573
0.632826
0.627156
0.665442
0.645985
0.652714
0.635403
0.696873
0.687528
0.626508
0.63252
0.616242
0.660713
0.701839
0.755174
0.635162
0.71434
0.700819
0.629408
0.697074
0.676703
0.702084
0.730851
0.697503
0.644689
0.643642
0.652445
0.686181
0.650758
0.728585
0.662341
0.690651
0.704291
0.682693
0.629371
0.672729
0.664981
0.69626
0.674395
0.690483
0.6406
0.636865
0.63466
0.633391
0.620702
0.630227
0.680547
0.718913
0.655898
0.639391
0.645088
0.629905
0.66851
0.65472
0.698765
0.704027
0.638439
0.599778
0.666521
0.724827
0.732326
0.616797
0.751302
0.681744
0.640532
0.680698
0.699368
0.632747
0.703264
0.686441
0.644617
0.666404
0.658911
0.57916
0.634827
0.668834
0.675055
0.670223
0.658427
0.665564
0.637713
0.695598
0.614041
0.711237
0.712051
0.650237
0.684216
0.646124
0.676296
0.630712
0.6227
0.670371
0.604235
0.660588
0.684709
0.739183
0.618928
0.674622
0.633885
0.710181
0.650363
0.59928
0.693086
0.763407
0.665449
0.669451
0.655927
0.664721
0.614785
0.660989
0.719827
0.681233
0.698275
0.722384
0.727685
0.653614
0.640304
0.658607
0.644292
0.62883
0.632037
0.656141
0.663604
0.605461
0.648541
0.74331
0.640355
0.665105
0.668833
0.67179
0.619403
0.628288
0.659228
0.672528
0.693148
0.681218
0.729525
0.715112
0.684421
0.64817
0.616485
0.6924
0.624425
0.735982
0.698452
0.729574
0.743094
0.652507
0.728288
0.696673
0.6917
0.726053
0.725279
0.688801
0.659417
0.653412
0.685937
0.651951
0.669493
0.682141
0.631854
0.592321
0.623726
0.654615
0.66381
0.634706
0.693904
0.698463
0.632074
0.746335
0.673865
0.655873
0.70033
0.612063
0.592947
0.673306
0.677417
0.61074
0.648617
0.719439
0.574204
0.712212
0.708552
0.655456
0.691684
0.728249
0.625449
0.655453
0.728871
0.71363
0.657227
0.63605
0.691082
0.716757
0.618709
0.640269
0.606654
0.677232
0.630225
0.554254
0.595779
0.657145
0.697407
0.691782
0.668682
0.65039
0.657367
0.636343
0.641411
0.655782
0.591221
0.732642
0.589152
0.757498
0.682909
0.619955
0.637579
0.637022
0.602441
0.601913
0.604413
0.69601
0.601187
0.634785
0.628449
0.615996
0.693235
0.55078
0.661442
0.621476
0.560492
0.750412
0.618061
0.683708
0.653197
0.616873
0.697053
0.665364
0.644128
0.685186
0.589271
0.693883
0.635981
0.718562
0.686942
0.633002
0.665685
0.635112
0.661362
0.627979
0.715476
0.673776
0.691997
0.711551
0.618967
0.657675
0.614597
0.659518
0.628131
0.680401
0.704504
0.775594
0.760479
0.611571
0.631091
0.699066
0.641801
0.644937
0.741678
0.703228
0.621333
0.705119
0.638204
0.778211
0.617608
0.680072
0.617069
0.641002
0.601186
0.622138
0.626858
0.693463
0.652755
0.621148
0.636624
0.782089
0.64625
0.702556
0.733004
0.599849
0.711088
0.71361
0.663739
0.744718
0.644692
0.723245
0.679868
0.708534
0.658926
0.724554
0.737024
0.625781
0.792459
0.532103
0.709223
0.619298
0.715134
0.590648
0.648677
0.576469
0.607011
0.65845
0.625728
0.681346
0.765043
0.590392
0.692127
0.552114
0.661331
0.765058
0.673679
0.738104
0.647868
0.639466
0.726315
0.563908
0.690035
0.709828
0.624781
0.659043
0.640923
0.716075
0.751866
0.610831
0.730171
0.631894
0.690582
0.676117
0.588025
0.651671
0.61232
0.674611
0.66042
0.698574
0.603535
0.69417
0.660677
0.638346
0.574009
0.655493
0.661917
0.634146
0.647908
0.700249
0.682392
0.724565
0.62193
0.618561
0.596693
0.611558
0.632044
0.621879
0.651249
0.602013
0.642026
0.690958
0.773215
0.630064
0.593637
0.706878
0.669222
0.696457
0.718614
0.685456
0.618711
0.683888
0.61994
0.722772
0.714464
0.641983
0.81132
0.70961
0.59667
0.610472
0.649855
0.728997
0.649425
0.582061
0.696873
0.709787
0.723437
0.644113
0.666716
0.675142
0.582383
0.742331
0.630297
0.636008
0.683307
0.675545
0.629771
0.645504
0.68949
0.62398
0.662119
0.700194
0.724674
0.669704
0.696046
0.578855
0.605
0.60031
0.696081
0.677984
0.612852
0.607851
0.773436
0.707743
0.628748
0.607805
0.670398
0.67861
0.62585
0.674132
0.639729
0.600346
0.794777
0.732214
0.77529
0.877781
0.585571
0.57064
0.597347
0.67019
0.623309
0.608302
0.611051
0.579459
0.592866
0.623692
0.625327
0.639771
0.682222
0.537336
0.682857
0.640248
0.665189
0.732223
0.755831
0.55344
0.666912
0.56053
0.66656
0.714723
0.64341
0.661464
0.721101
0.772131
0.635265
0.566979
0.668096
0.653733
0.64642
0.680449
0.717047
0.614699
0.606512
0.612014
0.546968
0.641389
0.713679
0.6501
0.6615
0.628386
0.588256
0.602466
0.710672
0.654083
0.671869
0.640457
0.686954
0.722537
0.68265
0.613407
0.732718
0.567859
0.62005
0.701541
0.790976
0.624944
0.696216
0.519244
0.62058
0.661707
0.663829
0.538295
0.591562
0.651552
0.70837
0.596033
0.69079
0.647594
0.625701
0.602497
0.682179
0.673767
0.556323
0.661578
0.687839
0.67198
0.668147
0.640085
0.672986
0.790919
0.745991
0.663569
0.585223
0.635605
0.670841
0.595905
0.558503
0.619756
0.509929
0.646978
0.654372
0.606226
0.612195
0.917632
0.668932
0.622189
0.689936
0.650153
0.750335
0.693923
0.717027
0.706955
0.643538
0.605305
0.685252
0.619985
0.706376
0.662584
0.714747
0.639194
0.565837
0.710373
0.509343
0.587964
0.674514
0.624639
0.644413
0.675466
0.710379
0.688574
0.670635
0.633963
0.691568
0.651095
0.730276
0.633252
0.603136
0.697122
0.50481
0.547939
0.607956
0.626436
0.579349
0.72145
0.605376
0.716926
0.669556
0.813144
0.672412
0.643292
0.649711
0.749238
0.784641
0.569367
0.648973
0.703756
0.741708
0.509797
0.572504
0.531162
0.604193
0.641805
0.57884
0.608707
0.621659
0.673215
0.793779
0.525564
0.464844
0.61492
0.772866
0.645716
0.654364
0.615618
0.659341
0.713812
0.662138
0.601149
0.694271
0.614952
0.741162
0.635779
0.617607
0.641844
0.619296
0.680651
0.641825
0.654977
0.649441
0.520607
0.622694
0.651792
0.586194
0.933271
0.6079
0.643141
0.661097
0.740605
0.81475
0.86859
0.794299
0.648876
0.60048
0.703401
0.737105
0.80697
0.634189
0.613177
0.612539
0.576106
0.658118
0.649685
0.693656
0.735203
0.673878
0.650599
0.603394
0.71078
0.703114
0.731743
0.572388
0.587173
0.586404
0.733064
0.647725
0.635862
0.667887
0.782689
0.744705
0.812232
0.602502
0.623058
0.680273
0.720551
0.496095
0.646321
0.621997
0.657027
0.632412
0.635417
0.633016
0.73269
0.598865
0.730671
0.73859
0.648532
0.779961
0.527686
0.820877
0.839641
0.681721
0.713089
0.59836
0.630816
0.559902
0.658801
0.738579
0.909337
0.607268
0.714024
0.699667
0.607189
0.58371
0.536262
0.609055
0.697743
0.682185
0.499215
0.695977
0.602446
0.54199
0.68715
0.662528
0.615211
0.609849
0.602192
0.694694
0.6576
0.666253
0.649636
0.657126
0.649212
0.652649
0.714069
0.731955
0.675713
0.57551
0.658179
0.808526
0.816209
0.531845
0.626889
0.643894
0.482358
0.516965
0.603531
0.578138
0.698706
0.582482
0.533837
0.648903
0.620893
0.684632
0.636179
0.596267
0.577099
0.752377
0.790574
0.755107
0.550742
0.553574
0.709598
0.760393
0.664025
0.714764
0.701525
0.584697
0.518915
0.597089
0.658787
0.671927
0.63489
0.733108
0.68032
0.622106
0.888562
0.700573
0.725861
0.603774
0.602824
0.695492
0.684524
0.575498
0.761738
0.611981
0.549116
0.571012
0.48682
0.65466
0.567817
0.747973
0.63655
0.768225
0.748919
0.716922
0.667224
0.780135
0.760113
0.550761
0.713405
0.724336
0.862617
0.703274
0.561192
0.588448
0.514614
0.647721
0.778289
0.706593
0.682811
0.666616
0.710552
0.670765
0.80624
0.856027
0.720157
0.582437
0.594076
0.528785
0.60817
0.615393
0.575358
0.640345
0.521734
0.630523
0.580363
0.764413
0.626483
0.506362
0.728008
0.622892
0.77508
0.683675
0.747243
0.756562
0.63476
0.727713
0.640554
0.654509
0.643913
0.629089
0.690505
0.699624
0.707718
0.61163
0.542868
0.667399
0.610603
0.750345
0.594822
0.614428
0.678184
0.760455
0.696378
0.79279
0.493636
0.816056
0.725011
0.660913
0.828824
0.655762
0.55816
0.672898
0.675153
0.678864
0.656452
0.624813
0.725551
0.600743
0.614581
0.564905
0.572079
0.628284
0.60515
0.613342
0.602827
0.486142
0.562125
0.658703
0.639049
0.586512
0.781182
0.726747
0.593942
0.488239
0.628032
0.651493
0.519517
0.746286
0.459054
0.499208
0.515343
0.676161
0.824349
0.531409
0.501672
0.594588
0.528939
0.46651
0.710163
0.515086
0.598462
0.723625
0.536276
0.747087
0.425781
0.707542
0.840846
0.705552
0.62121
0.493409
0.594532
0.926214
0.656824
0.444352
0.632279
0.703621
0.647393
0.519179
0.71348
0.444216
0.658064
0.409064
0.560942
0.625769
0.532782
0.524823
0.617084
0.459073
0.669436
0.623496
0.667085
0.465038
0.700894
0.760253
0.608457
0.592728
0.596419
0.654062
0.811138
0.466936
0.833092
0.652633
0.77616
0.695885
0.665625
0.570508
0.583269
0.587969
0.47681
0.663892
0.495994
0.685466
0.584252
0.633681
0.612209
0.570189
0.730559
0.621073
0.565831
0.695745
1.00333
0.645617
0.539022
0.725141
0.640037
0.523378
0.415427
0.363077
0.604886
0.623302
0.471709
0.788328
0.87577
0.587639
0.689938
0.764015
0.684844
0.682108
0.582076
0.821433
0.70603
0.693893
0.632891
0.73445
0.763658
0.694087
0.752304
0.657536
0.541226
0.685815
0.837209
0.678378
0.667316
0.666308
0.852568
0.604095
0.680348
0.633359
0.823427
0.770994
1.04497
0.796146
0.652178
0.861658
0.528701
0.671744
0.59692
0.860996
0.449385
0.38367
0.619361
0.853063
0.894881
0.594642
0.448999
0.726702
0.644555
0.660798
0.548825
0.832425
0.522935
0.596744
0.718734
0.539694
0.726913
0.556784
0.65516
0.682177
0.908074
0.523037
0.525037
0.466555
0.661989
0.62413
0.78672
0.796925
0.627976
0.615371
0.660165
0.654461
0.687316
0.904498
0.631198
0.530523
0.803818
0.646229
0.545791
0.544701
0.537679
0.595471
0.654666
0.595362
0.915878
0.756795
0.667508
0.571252
0.314125
0.663391
0.672793
0.668819
0.516716
0.51725
0.721558
0.603836
0.630437
0.534
0.619899
0.569612
0.780439
0.546874
0.523204
0.654311
0.851135
0.618561
0.536443
1.10856
0.699032
0.617637
0.534106
0.524252
0.714877
0.794301
0.67006
0.629538
0.669627
0.52726
0.56711
0.596414
0.516438
0.720271
0.70124
0.562418
0.627715
0.830149
0.669494
0.50045
0.591513
0.646031
0.691347
0.632199
0.595786
0.543287
0.793883
0.640668
0.52682
0.661613
0.535807
0.59778
0.988531
0.642945
0.992747
0.540748
0.456956
0.539255
0.500734
0.816859
0.585832
0.457363
0.969407
0.663186
0.59588
0.637118
0.558001
0.512223
0.622112
0.633224
0.995116
0.766303
0.626481
0.754892
0.670515
0.729688
0.841391
0.657061
0.632909
0.953511
0.539043
0.562391
0.620966
0.789518
0.68499
0.621796
0.816302
0.609353
0.612846
0.761995
0.29558
0.831774
0.626266
0.662071
0.414841
0.502343
1.16655
0.736421
0.475114
0.58604
0.360241
0.826091
0.56439
0.631685
0.513462
0.587743
0.572292
0.796978
0.756534
0.570338
0.530859
0.817366
0.596103
0.585977
0.616161
0.739863
0.511248
0.577375
0.624328
0.796655
0.904262
0.628096
0.668301
0.885273
0.55427
0.718822
0.744208
0.467841
0.589851
0.59458
0.578673
0.789997
0.47895
0.724729
0.60416
0.575769
0.472485
0.682524
0.499149
1.47496
0.771509
0.611583
0.657437
0.590231
0.561592
0.432406
0.575951
0.625975
0.627723
0.554803
0.616095
0.717892
0.920423
0.631199
0.722414
0.685332
0.639795
0.515123
0.52307
0.793036
0.614311
0.563824
0.854701
0.371899
0.737719
0.515092
0.652924
0.540007
0.556785
0.768668
0.559729
0.73327
0.654992
0.715165
0.359161
0.709568
0.568323
0.623829
0.672205
0.585514
1.15241
0.862753
0.617894
0.514066
1.049
0.350293
0.797447
0.641059
0.899001
0.756571
0.453977
0.810368
0.607048
0.543002
0.64152
0.656646
0.348368
0.766766
1.02916
0.721624
0.646197
0.685602
0.435079
0
0.508615
0.594969
0.673138
0.92307
0.689535
0.727707
0.556545
0.404201
0.671126
0.993121
0.754242
0.842128
0.477703
0.876334
0.617828
0.423017
0.661518
0.832148
0.519592
0.843332
0.739009
0.676025
1.07269
0.644423
0.818277
0
0.558463
0.503672
0.495817
0.827372
0.477973
0.376682
0
0.446949
0
0.441606
0.574813
0.734101
0.962351
0.226317
0.851841
0.938726
0.494717
0.829215
0.875052
0.736418
0.416666
0.671553
0.795301
0.718981
0
0.600653
0.841788
0.527695
0.492274
0.45463
0.477716
0.464559
0.616827
0.557949
0.801195
1.12588
0.515808
0.51582
0.517495
0.260225
0.53379
0.59392
0.585948
0.819192
0.74379
0.666632
0.978843
0.510037
0.476982
0.601246
0.577621
0
0.784275
0.360988
0.720131
0.604113
0.620875
0.731905
0.586858
0.493865
0.64676
0.578201
0.725023
0.593636
0.502931
0.575932
0.639853
0.825833
0.242638
0.595999
0.66215
0.444397
0.66447
1.32745
0.440957
0.706389
0.48581
0.657677
0.556345
0.686043
0.509744
0.427565
0.539517
0.6003
1.1374
0.770291
0.564359
0.832243
0.860027
0.767925
0.666888
0.546212
2.34612
0.934234
0.570327
0.615508
0.588348
0.459107
0.791352
0.560887
0.923981
0.509696
0.941343
0.620836
0.540699
1.06386
0.783288
0.632595
0.719638
0.83749
0.62637
0.812066
0.5749
0.510493
0.709146
0.522837
0.481722
0.650284
0.482996
0.83008
0.798118
0.521622
0.846384
1.43083
0.49165
0.831573
0.768586
0.804607
0.503891
0.576136
0.247284
0.291464
0.820403
0.648961
0.615743
0.404723
0.647822
0.452327
0.601203
0.707606
0.341555
0.552501
0.436722
0
0.604583
1.16853
0.616585
0.870014
0.807268
0.656315
0.644796
0.602702
0.742898
0.991229
0.348957
0.60179
0.640804
0
0.558794
0.406567
1.09885
0.790809
0
0
0.800572
0.374353
0.757335
0.91432
0.509133
0.671622
0.391071
0.565459
0
0.828449
0.576643
0.805211
1.05796
0.624695
0.778822
0.363697
0.540793
0.661581
0.713584
0.419758
0.593347
0.560839
0.478691
0.794682
0.663409
0.837135
0
0.90605
0.669037
0.676302
0.304252
0.453081
1.07334
0.774192
0
0.410595
0.286254
0.615833
0.758621
0.475888
0.56188
0.685433
0
0.604254
0.833087
0.30185
0.756372
0.667381
0.394471
0.758089
0
0.891634
0.781715
0.350339
1.0415
0.900965
0.290092
0.591107
0.413986
0.681211
0.623027
0.500242
0.773365
0.835443
0.569831
0.290612
0.676962
0.618166
0.385275
0.392352
0.484719
0.877848
0.485569
0.211944
0.717496
0
0.73925
0.513662
0.787101
0.25421
0.415466
0.481962
0
0
0.957979
0.517798
0.415667
0.403915
0.72008
0
0.57888
0.490221
1.08663
0.879405
0.863297
0.538981
0.962996
0.712659
0.836324
0.333248
0.54633
0.44154
0.563829
0.485762
0.625585
0
0.69866
0.586419
0.49139
0.551928
0.668637
0.693011
0
0.754251
0.386253
0.448557
1.05847
0
0.861078
0.92693
0.866499
0.597716
0.729121
0
0.733214
0.5183
0.448845
1.25806
0.498776
0.824246
0.641078
0.707292
0
0.62284
1.76009
0.73658
0
0.56013
0.382201
0.627853
0.692972
0
0.552335
0
1.16018
0.310571
0
0.711411
0.451941
0.579647
0.990184
0.83567
0.391886
0.406681
1.25931
0
0.814018
1.603
1.03202
0
0.65011
0.38407
0.485303
0.846099
0.762646
0.937274
0.487209
0.632037
0
0.806233
0
0.613349
0
0.532083
0
1.33784
0.326414
0.364265
0.632889
0.551741
0.711897
1.11597
0.550931
0
0
0.776012
0.82857
1.14576
0.51345
1.31592
1.28302
0.669569
0
0.786959
0.713489
0.38681
0.386245
0.543109
0.762877
0
0.645033
0
0.528404
0.52711
0.626458
0.610224
0.589968
2.07752
0.497944
0.682408
0.337153
0.49574
0
0.477744
0.37283
0
0.574732
0.797054
0.453187
0
0.443487
0
1.06947
0
0.876638
0.577926
0.978976
0
0.212615
1.14665
0.885222
0
1.71626
0.412839
0
0.988416
0
0
0
0
0
0.475673
0.897541
0.633224
0
0.520223
0
0.281225
0
0.339838
0.434268
0.836132
0.548196
0
0.767706
0.774464
0
0.378581
0.653558
0.965258
0.381642
0.351238
0.555687
0.800473
0
0.476696
0
0.872259
0
0.67968
0.440264
0.319495
0.829527
0.576011
0
0
0
0
0
0.783934
0.656826
1.0109
0.295592
0.199181
0.889194
0.846813
0
0.740019
0.281415
0.864116
0.448381
0.521903
0.647845
0.628267
0.780389
0.498385
0.998464
0.661859
0.687892
0.558451
0.400928
0.553118
0.636946
0.782194
0.318356
0.41746
0.651518
0.917514
0
0
0.960139
0
0
0
0.653285
0.42969
0.627566
0.608944
0
0.633294
0.523515
0
0
0.934274
2.24635
0.466012
0.327082
0.435555
0.777641
0.501546
0.212821
0.207841
0
0.604493
1.19593
0.619985
1.11522
0
1.01408
0.668292
0
0.55436
0.742973
0
0.626086
0
1.00619
0
0.655585
0
0
0
0.37296
0.995569
0
0
0.63612
0.40446
0.102328
0.881122
0
0.546413
0.644522
0
0.899388
0
0
1.02891
0
0
0.968941
0
0.437286
0.521692
0.183557
0.661317
0
0
1.02123
0.852619
0.47042
0.599077
0
0.345542
1.25252
0.635859
0.785733
0.682412
0
0.299178
0.948302
0.371078
0.750291
0.861955
0.556188
0.333097
0.574262
0
0.883903
0
0.523563
0.315776
0.696531
0.443705
0.464003
0.342808
1.20807
0.576603
0.596249
0.842941
0
1.97889
0
0
0.257265
0
0
0.366772
0.29084
1.02555
0.592302
0
1.0813
0
0.543337
0
0.660847
0
0
0
0
0
0
1.08091
1.62056
2.07197
0.801601
0.580752
0
0
0.821021
0.762286
0
0
1.47428
0.386379
0.26537
0
0.761864
0
0
0.612981
0.281578
0.562681
0.300237
0.6561
0.423544
0
0.456157
0.816318
0.418434
0.762831
0.481982
0.818963
0
0.56508
0
0
0
0
0
0.811981
0
0
0
0.697479
0.297523
0.415537
0.566683
0
0
0
1.15225
0.925116
0.412215
0.496284
0.572231
0
0
1.00221
0.983239
0
0.418396
0
0.434181
0.96579
0.435704
0.637821
0
0.806949
0.671732
0
0.341967
0
0
0
0
0
1.11948
0
0.603465
0
1.02209
0.472077
0.697519
0
1.03878
0.750251
0
1.15079
0.204062
0
0
0
0
0
0
0
0
0
0
0
0
0
1.14096
0.408725
0.38904
0.566888
0
0
0
0
0.43895
0.494888
0
1.3839
0.552049
0
0.773315
0
0
0.84952
1.19897
0.402177
0.879898
0
0
0
0
0.992137
1.81114
0
0.707489
0.63558
0.701937
1.20501
0
0
0.470265
0
0.471287
0.496326
1.12175
1.07951
0
1.49285
0
0.599216
0.226674
0.650692
0.906293
0
0.670577
1.30304
0.728368
0
0.691678
1.21805
0.310052
0
0
0
0.407055
0
0.571607
0.868851
0.743397
0
0
0
0
1.00874
0.192852
0.325756
0
0.451995
0.910897
0
0.533659
0.727937
0
0
0
0
0.275307
0.65771
0
0
0
0.243783
0
0
0
0
0.596928
0.610256
0
0
0
0.466459
0.60513
0
0.47955
0
0
0.313758
0.635177
0.723878
0
0.668804
0
1.05909
0
0.555677
0.764277
0
0.40211
1.4286
0
0
0
0.956291
0.478106
1.09694
0.579917
0
0
1.65033
0.452816
0
0.696389
0
0
0
0
0.192545
0
0
0
0.874663
0.933828
0.802666
0
0
0.875273
0.676845
0
0
0
0
0
0.772459
0.693361
0
0
0.595406
0
0
0
0
0
1.16249
0
0
0.780206
0.86978
0
0
0
1.06792
1.08426
0
0
0
0
0.248228
0
0
0
0.662699
0
0
0
0
0.740313
0.710766
0
0.724722
0.863001
0.542429
0.248324
0.926736
0.602869
0.394002
0.86064
0
0.402944
0.648129
0
0
0
0
0
0.626566
0.95634
0
0.803673
0
0
0
0
0
0
0
0.396878
0.860594
0
0
0
0
0
0.285259
0.766979
0.361009
0
0.63661
0
0
0.513303
0
0
0
0.295291
0.584367
0
0.161046
0
0.53337
0
0
0
0
0
0.922573
0
0
0
0
0
0
0.354589
0
0
0
0
0
0.970384
0
0
0.437704
0
0.418604
0
0
0
0
0
1.83602
0
0
0
0
0
0
0.414248
0
0
0
0.756482
0
0
0
0.21997
0.523521
0.382481
0.516097
0
0
0.57051
0
0
0
0.646783
0
0
1.92863
0
0.506329
0
0
0.598193
0
0
0.503314
0
0
1.42733
0
0.378508
0.349393
0.829807
0.160256
0
0
0.572189
0
0
0
0.321358
0
0
0
0
0.732593
0
0.731968
0
1.18315
0.898363
0
0
0.313532
0
0
0
1.29864
0.916876
0.706249
0
1.00229
0
0
0.264816
0.53724
0
0
0.889933
0
0
1.16348
0
0.759667
0
0
0.91616
0.469915
0.696219
0.553047
0
0.523203
0.928469
0
0
0
0
0
0
0
0
0
0
0
0.37472
0.442359
0
0
0
0
0
0.4318
0
0
0
0
0
0
0
0
0.0973609
0
0
0
0
0
0
0
0
0
0
0
0.331262
0.566688
0.438792
0
0
0
0
0
0.733613
1.07334
1.66679
0
0
0
0
1.52504
0
0
0
0.384936
0
0
0.564834
1.55331
0.819763
0
0.59423
0
0
0
0
0
0
0.664914
0.938944
0
0.701818
1.07824
0
0
0
0.986357
0.693257
0
0.355409
1.04999
0
0.460557
0
0
0
0.777275
0
0
0
0
0
0
0
0
0
0
0
0
0.271444
0.954653
0
0
0
0
0.429081
0.399774
0
0
0
0.277519
0
0
0
0
0
0
0
0
0.489035
0.478909
0
0
0.591832
0
0
0
0.726654
0
0
0.923549
0
0
0
0
0
0
0
0
0
0.343137
0
0
0
0
0
0
0
0
0
0
0
0
0.385128
0
0
0
1.14833
0
0
0.438032
0
0
1.17474
0
0
0
0
0
0
0
0.443234
0
0
0
0
0
0
1.08857
1.40044
0
0
0
0.657284
0
0
0.531225
0.58377
0
0
0
0.732845
0
0
0.598693
0
0.353558
0
0
0
0
0
0
0
0
0
0
0
0
0
0.288054
0
0
0.478231
0
0.607639
0.691612
0
0
1.52548
0.316374
0
0
0
0
0
0
0
0.89777
0
0
0
0
0
0.413274
0
0
0
0.819446
0
0
0
1.49714
0
0
0
0
0
0
0
0
0.662667
0
0
0
0
1.04161
0
0
1.75392
0
0.533851
0
0
0
0.603061
0
0
0
0.534073
0
0.306733
0
0
0.679127
0
0.461385
0
0
0
0
0
0
0
0
0
0
0
0
0
0
0
0.779432
0.516963
0
0
0
1.225
0
0.580703
0
0.907172
0
0
0
0
0.407473
0
0.562594
0
0
0
0
0
0.46558
0.397702
0
0
0.69954
0
0
0
0
0.778123
0
0
0
0.680868
0
0
0.178436
0
0
0.352641
0
0
0
0
0
0
0
0
0
0.511072
0
0
0
0
0
0
1.0653
0
0
0
0.503183
0.621879
0.671613
0
0
0
0
0
0
0.788649
0.48844
0
0
0
0
0
0
0.527177
0
0
0
0
0
0
0
0
0.631267
0
0.493798
0
0
0
0
0
0
0
0
0
0
0
0
0.616071
0.458291
0
0
0
0.50564
0.589619
0
0
0
0
0
0
0
0
0
0
0
0
0
0
0
0
0
0
0
0
0
0.985715
0
0
0
0
0
0
0
0
0
0
0
0
0.57301
0
0.439366
0.5753
0
1.20053
2.10351
0
0
0
0
0.447207
0
0
0
0
0.501837
0
0
0
0
0
0
0
0
0
0.678029
0
1.64932
0
0
0
0
0
0
0
0
0
1.17617
0
0
0
0
0
0
0
0
0
0
0.359343
0.787343
0.718802
0
0
0.500336
0
0
1.68754
0
0
0
0
0
0
0
0
0
0
0
0
0
0
0
1.30707
0
0
0
0
0
0
0
0
0
0
0
0
0
0
0
0
0
0
0.985787
0
0
0.380572
0.91839
0
0
0.70839
0
0
0
0
0
0
0.940014
0.179106
0
0
0
0
0
0
0
0
0
0
0
0
0
0.840079
0
0
0
0.672218
0
0.439321
0
0.283406
0
0.906944
0
0
0
0
0
0
0
0
0
0
0
0
0
0
0
0
0
0
0
0
0
0
0.774941
0
0
0
0
0
0
0
0
0
0
0.487025
0.263842
0
0
0
0
0
0
0
0
0
0
0
0
0
0
0
0
0
0
0
0
0
0
0
0
0
0
0
1.00149
0
0
0.408301
0
0
0
0
0
0
0
0
0
0
0
0
0
0
0
0
0
0
0.383322
0
0
0
0
0.34002
0
0
0
0
0
1.18225
0
0
0
0
0
0
0
0
0
0
0
0
0
0
0
0
0
0.590102
0
0
0
0
0
0
0
0
0
0
0
0
0
0
0
0
0
0
0
0
0
0
0.262364
0
0
0
0
0
0
0
0
0
0
0
0
0.536013
0
0
0
0
0
0
0
0
0
0.541456
0
0
0
0
0
0
0
0.706234
0
0
0
0
0
0
0
0
0
0.530777
0
0
0.567673
0
0
0
0.550437
0
0
0
0
0
0
0
0
0
0
0
0
0
0
0
0
0
0
0.446284
0
0
0
0
0
0.597402
0
0
0
0
0
0
0
0
0
0
0
0
0
0
0
0
0.49189
0
0
0.864708
0
0
0
0
0
0
0
0
0
0
0
0
0
0
0
0
0
0
0
0
0
0.451572
0
0
0
0
0
0
0
0
0
0
0
0
0
0
0
0
0
0
0
0
0
0
0
0
0
0
0
0
0
0
0
0
0
0
0
0
0
0
0
0
0
0
0
0
0
0
0
0
0
0
0
0
0
0
0
0
0
0
0
0
0
0
0
0
0
0
0
0
0.517338
0
0
0
0
0.530829
0
0
0
0
0
0
0.831718
0
0
0
0
0
0
0
0
0
0
0
0
0
0
0
0
0
0
0
0
0
0
0
0
0
0
0.424897
0
0.873326
0
0
0
0
0
0
0
0
0
0
0
0
0
0
0
0
0
0
0
0
0
0
0
0
0
0
0
0.409525
0
1.41942
0
0
0
0
0
0
0
0
0
0
0
0
0
0
0
0
0
0
0
0
0
0
0
0
0
0
0
0
0
0
0
0
0
0
0
0
0
0
0
0
0
0
0
0
0
0
0
0
0
1.29475
0
0
0
0
0
0
0
0
0
0
0
0
0
0
0
0
0
0
0
0
0
0
0
0
0
1.10006
0
0
0
0
0
0
0
0
0
0
0
0
0
0
0
0
0
0
0
0
0
0
0
0
0
0
0
0
0.0955835
0.581336
0
0
0
0
0
0
0.124517
0
0
0
0
0
0
0
0
0
0
0
0
0
0
0
0
0
0
1.26987
0
0
1.04218
0
0
0
0.586003
0
0
0
0
0
0
0.512981
0
0
0
0
0
0
0
0
0
0
0
0
0
0
0
0
0
0
0
0
0
0
0
0
0
0
0
0
0
0
0
0
0
0.450172
0
0
0
0
0
0
0
0
0
0
0
1.6849
0
0
0
0
0
0
0
0.328071
0
0
0
0
0
0
0
0
0
0
0
0
0
0
0
0
0
0
0
0
0
0
0
0
0
0
0
0.954581
0
0.378765
0
0
0
0
0
0
1.78706
0
0
0
1.48631
0
0
0
0
0
0
0
0
0
0
0
0
0
0
0
0
0
0
0
0
0
0
0
0
0
0
0
0
0
0
0
0
0
0
0
1.41352
0
0
0
0.390942
0
0
0
0
0
0
0.899233
0
0
0
0
0
0
0
0
0
0
0
0
0
0
0
0
0
0
0
0
0
0
0
0
0
0
0
0
0
0
0
0
0
0
0
0
0
0
0
0
0
0
0
0
0
0
0
0
0
0
0
0
0
0
0
0
0
0
0
0
0
0
0
0
0
0
0
0
0
0
0
0
0
0
0
0
0
0
0
0
0
0
0
0
0
0
0
0
0
0
0
0
0
0
0
0
0
0.294413
0
0
0
0
0
0
0
0
0
0
0
0
0.68263
0
0
0
0
0
0
0
0
0
0
0
0
0
0
0
0
0
0
0
0
0
0
0
0
0.709643
0
0
0
0
0
0
0
0
0
0
0.642268
0
0
0
0
0
0
0
0.691948
0
0
0
0
0
0
0
0
0
0
0
0.423966
0
0
0
0
0
0
0
0
0
0
0
0
0
0
0
0
0
0
0
0
0
0
0
0
0
0
0
0
0.464885
0
0
0
0
0
0
0
0
0
0
0
0
0
0.45386
0
0
0
0
0
0
0.302729
0
0
0
0
1.06639
0
0
0
0
0
0
0
0
0
0
0
0
0
0
0
0
0
0.294353
0
0
0
0
0
0
0
0
0
0
0
0
0
0
0
0
0
0
0
0
0
0
0
0
0
0
0
0
0
0
0
0
0
0
0
0
0
0
0
0
0
0
0
0
0
0
0
0
0
0
0
0
0
0
0
0
0
0
0
2.11713
0
0
0
0
0
0
0
0
0
0
0
0
0
0
0
0
0
0
0
0
0
0
0
0
0
0
0
0
0
0
0
0
0
0
0
0
0
0
0
0
0
0
0
0
0
0
0
0
0
0
0
0
0
0
0
0
0
0
0
0
0
0
0
0
0
0
0
0
0
0
0
0
0
0
0
0
0
0
0
2.01922
0
0
0
0
0
0
0
0.743811
0
0
0
0
0
0
0
0
0
0
0
0
0
0
0
0
0.696649
0
0
0
0
0
0
0
0
0
0
0
0
0
0
0
0
0
0
0
0
0
0
0
0
0
0
0
0
0
0
0
0
0
0
0
0
0
0
0
0
0
0
0
0
0
0
0
0
0
0
0
0
0
0
0
0
0
0
0
0
0
0
0
0
0.780498
0
0
0
0
0
0
0
0
0
0
0
0
0
0
0
2.19862
0
0
0
0
0
1.1704
0
0
0
0
0
0
0
0
0
0
0
0
0
0
0
0
0
0
0
0
0
0
0
0
0
0
0
0
0
0
0
0
0
0
0
0
0.906674
0
0
0
0
0
0
0
0
0
0.781617
0
0
0
0
0
0
0
0
0
0
0
0
0
0
0.440094
0
0
0
0
0
0
1.56966
0
0
0
0
0
0
0
0
0.709871
0
0
0
0.536699
0
0
0
0
0
0
0
0.595445
0
0
0
0
0
0
0
0
0
0
0
0
0.284307
0
0
0
0
0
0
0
0
0
0
0
0
0
0
0
0
0
0
0
0
0
0
0
0
0
0
0
0
0
0
0
0
0
0
0
0
0
0
0
0
0
0
0
0
0
0
0
0
0
0
0
0
0
0
0
0
0
0
0
0
0
0
0
0
0
0
0
0
0
0
0
0
0
0
0
0
0
0
0
0
0
0
0
0
0
0
0
0
0
0
0
0
0
0
0
0
0
0
0
0
0
0
0
0
0
0
0
0
0
0
0
0
0
0
0
0
0
0
0
0
0
0
0
0
0
0
0
0
0
1.18162
0
0
0
0
0
0
0
0
0
0
0
1.07122
0
0
0
0
0
0
0
0
0
0
0
0
0
0
0
0
0
0
0
0
0
0
0
0
0
0
0
0
0
1.02973
0
0
0
0
0
0
0
0
0.525995
0
0
0
0
0
0
0
0
0
0
0
0
0
0
0
0
0
0
0
0
0
0
0
0
0
0
0
0
0
0
0
0
0
0
0
0
0
0
0
0
0
0
0
0
0
0
0
0
0
0
0
0
0
0
0
0
0
0
0
0
0
0
0
0
0
0
0
0
0
0
0
0
0
0
0
0
0
0
0
0
0
0
0
0
0
0
0
0
0
0
0
0
0
0
0
0
0
0
0
0
0
0
0
0
0
0
0
0
0
0
0
0
0
0
0
0
0
0
0
0
0
0
0
0
0
0
0
0
0
0
0
0
0
0.0492413
0
0
0
0
0
0
0
0
0
0
0
0
0
0
0
0
0
0
0
0
0
0
0
0
0
0
0
0
0
0
0
0
0
0
0.424358
0
0
0
0
0
0
0
0
0
0
0
0
0
0
0
0
0
0
0
0
0
0
0
0.199161
0
0
0
0
0
0
0
0
0
0
0
0
0
0
0
0
0
0
0
0
0
0
0
0
0
0
0
0
0
0
0
0
0
0
0
0
0
0
0
0
0
0
0
0
0
0
0
0
0
0
0
0
0
0
0
0
0
0
0
0
0
0
0
0
0
0
0.403113
0
0
0
0
0
0
0
0
0
0
0
0
0
0
0
0
0
0
0
0
0
0
0
0
0
0
0
0
0
0
0
0
0
0
0
0
0
0
0
0
0
0
0
0
0
0
0
0
0
0
0
0
0
0
0
0
0
0
0
0
0
0
0
0
0
0
0
0
0
0
0
0
0
0
0
0
0
0
0
0
0
0
0
0
0
0
0
0
0
0
0
0
0
0
0
0
0
0
0
0
0
0
0
0
0
0
0
0
0
0
0
0
0
0
0
0
0
0
0
0
0
0
0
0
0
0
0
0
0
0
0
0
0
0
0
0
0
0
0
0
0
0
0
0
0
0
0
0
0
0
0
0
0
0
0
0
0
0
0
0
0
0
0
0
0
0
0
0
0
0
0
0
0
0
0
0
0
0
0.805197
0
0
0
0
0
0
0
0
0
0
0
0
0
0
0
0
0
0
0
0
0
0
0
0
0
0
0
0
0
0
0
0
0
0
0
0
0
0
0
0
0
0
0
0
0
0
0
0
0
0
0
0
0
0
0
0
0
0
0
0
0
0
0
0
0
0
0
0
0
0
0
0
0
0
0
0
0
0
0
0
0
0
0
0
0
0
0
0
0
0
0
0
0
0
0
0
0
0
0
0
0
0
0
0
0
0
0
0
0
0.611625
0
0
0
0
0
0
0
0
0
0
0
0
0
0
0
0
0
0
0
0
0
0
0
0
0
0
0
0
0
0
0
0
0
0
0
0
0
0
0
0
0
0
0
0
0
0
0
0
0
0
0
0
0
0
0
0
0
0
0
0
0
0
0
0
0
0
0
0
0
0
0
0
0
0
0
0
0
0
0
0
0
0
0
0
0
0
0.377923
0
0
0
0
0
0
0
0
0
0
0
0
0
0
0
0
0
0
0
0
0
0
0
0
0
0
0
0
0
0
0
0
0
0
0
0
0
0
0
0
0
0
0
0
0
0.37231
0
0
0
0
0
0
0
0
0
0
0
0
0
0
0
0
0
0
0
0
0
0
0
0
0
0
0
0
0
0
0
0
0
0
0
0
0
0
0
0
0
0
0
0
0
0
0
0
0
0
0
0
0
0
0
0
0
0
0
0
0
0
0
0
0
0
0.733219
0
0
0
0
0
0
0
0
0
0
0
0
0
0
0
0
0
0
0
1.8721
0
0
0
0
0
0
0
0
0
0
0
0
0
0
0
0
0
0
0
0
0
0
0
0
0
0
0
0
0
0
0
0
0
0
0
0
0
0
0
0
0
0
0
0
0
0
0
0
0
0
0
0
0
0
0
0
0
0
0
0
0
0
0
0
0
0
1.2541
0
0
0
0
0
0
0
0
0
0
0
0
0
0
0
0
0
0
0
0
0
0
0
0.601604
0
0
0
0
0
0
0
0
0
0
0
0
0
0
0
0
0
0
0
0
0
0
0.756426
0
0
0
0
0
0
0
0
0
0
0
0
0
0
0
0
0
0
0
0
0
0
0
0
0
0
0
0
0
0
0.52077
0
0
0
0
0
0
0
0
0
0
0
0
0
0
0
0
0
0
0
0
0
0
0
0
0
0
0
0
0
0
0
0
0
0
0
0
0
0
0
0
0
0
0
0
0
0
0
0
0
0
0.458268
0
0
0
0
0
0
0
0
0
0
0
0
0
0
0
0
0
0
0
0
0
0
0
0
0
0
0
0
0
0
0
0
0
0
0
0
0
0
0
0
0
0
0
0
0
0
0
0
0
0
0
0
0
0.65796
0
0
0
0
0
0
0
0
0
0
0
0
0
0
0
0
0
0
0
0
0
0
0
0
0
0
0
0
0
0
0
0
0
0
0
0
0
0
0
0
0
0
0
0
0
0
0
0
0
0
0
0
0
0
0
0.318113
0
0
0
0
0
0
0
0
0
0
0
0
0
0
0
0
0
0
0
0
0
0
0
0
0
0
0
0
0
0
0
0
0
0
0
0
0
0
0
0
0
0
0
0
0
0
0
0
0
0
0
0
0
0
0
0
0
0
0
0
0
0
0
0
0
0
0
0
0
0
0
0
0
0
0
0
0
0
0
0
0
0
0
0
0
0
0
0
0
0
0
0
0
0
0
0
0
0
0
0
0
0
0
0.632467
0
0
0
0
0
0
0
0
0
0
0
0
0
0
0
0
0
0
0
0
0
0
0
0
0
0
0
0
0
0
0
0
0
0
0
0
0
0
0
0
0
0
0
0.47965
0
0
0
0
0
0
0
0
0
0
0
0
0
0
0
0
0
0
0
0
0
0
0
0
0
0
0
0
0
0
0
0
0
0
0
0
0
0
0
0
0
0
0
0
0
0
0
0
0
0
0
0
0
0
0
0
0
0
0
0
0
0
0
0
0
0
0
0
0
0
0
0
0
0
0
0
0
0
0
0
0
0
0
0
0
0
0
0
0
0
0
0
0
0
0
0
0
0
0
0
0
0
0
0
0
0
0
0
0
0
0
0
0
0
0
0.826382
0
0
0
0
0
0
0
0
0
0
0
0
0
0
0
0
0
0
0
0
0
0
0
0
0
0
0
0
0
0
0
0
0
0
0
0
0
0
0
0
0
0
0
0
0
0
0
0
0
0
0
0
0
0
0
0
0
0
0
0
0
0
0
0
0
0
0
0
0
0
0
0
0
0
0
0
0
0
0
0
0
0
0
0
0
0
0
0
0
0
0
0
0
0
0
0
0
0
0
0
0
0
0
0
0
0
0
0
0
0
0
0
0
0
0
0
0
0
0
0
0
0
0
0
0
0
0
0
0
0
0
0
0
0
0
0
0
0
0
0
0
0
0
0
0
0
0
0
0
0
0
0
0
0
0
0
0
0
0
0
0
0
0
0
0
0
0
0
0
0
0
0
0
0
0
0
0
0
0
0
0
0
0
0
0
0
0
0
0
0
0
0
0
0
0
0
0
0
0
0
0
0
0
0
0
0
0
0
0
0
0
0
0
0
0
0
0
0
0
0
0
0
0
0
0
0
0
0
0
0
0
0
0
0
0
0
0
0
0
0
0
0
0
0
0
0
0
0
0
0
0
0
0
0
0
0
0
0
0
0
0
0
0
0
0
0
0
0
0
0
0
0
0
0
0
0
0
0
0
0
0
0
0
0
0
0
0
0
0
0
0
0
0
0
0
0
0
0
0
0
0
0
0
0
0
0
0
0
0
0
0
0
0
0
0
0
0
0
0
0
0
0
0
0
0
0
0
0
0
0
0
0
0.180761
0
0
0
0
0
0
0
0
0
0
0
0
0
0
0
0
0
0
0
0
0
0
0.181263
0
0
0
0
0
0
0
0
0
0
0
0
0
0
0
0
0
0
0
0
0
0
0
0
0
0
0.324057
0
0
0
0
0
0
0.927181
0
0
0
0
0
0.618592
0
0
0
0
0
0
0
0
0
0
0
0
0
0
0
0
0
0
0
0
0
0
0
0
0
0
0
0
0
0
0
0
0
0
0
0
0
0
0
0
0
0
0
0
0
0
0
0
0
0
0
0.774746
0
0
0
0
0
0
0
0
0
0
0
0
0
0
0
0
0
0
0
0
0
0
0
0
0
0
0
0
0
0
0
0
0
0
0
0
0
0
0
0
0
0
0
0
0
0
0
0
0
0
0
0
0
0
0.902615
0
0
0
0
0
0
0
0
0
0
0
0
0
0
0
0
0
0
0
0
0
0
0
0
0
0
0
0
0
0
0
0
0
0
0
0
0
0
0
0
0
0
0
0
0
0
0
0
0
0
0
0
0
0
0
0
0
0
0
0
0
0
0
0
0
0
0
0
0
0
0
0
0
0
0
0
0
0
0
0
0
0
0
0
0
0
0
0
0
0
0
0
0
0
0
0
0
0
0
0
0
0
0
0
0
0
0
0
0
0
0
0
0
0
0
0
0
0
0
0
0
0
0
0
0
0
0
0
0
0
0
0
0
0
0
0
0
0
0
0
0
0
0
0
0
0
0
0
0
0
0
0
0
0
0.237659
0
0
0
0
0
0
0
0
0
0
0
0
0
0
0
0
0
0
0
0
0
0
0
0
0
0
0
0
0
0
0
0
0
0
0
0
0
0
0
0
0
0
0
0
0
0
0
0
0
0
0
0
0
0
0
0
0
0
0
0
0.957786
0
0
0
0
0
0
0
0
0
0
0
0
0
0
0
0
0
0
0
0
0
0
0
0
0
0
0
0
0
0
0
0
0
0
0
0
0
0
0
0
0
0
0
0
0
0
0
0
0
0
0
0
0
0
0
0
0
0
0
0
0
0
0
0
0
0
0
0
0
0
0
0
0
0
0
0
0
0
0
0
0
0
0
0
0
0
0
0
0
0
0
0
0
0
0
0
0
0
0
0
0
0
0
0
0
0
0
0
0
0
0
0
0
0
0
0
0
0
0
0
0
0
0
0
0
0
0
0
0
0
0
0
0
0
0
0
0
0
0
0
0
0
0
0
0
0
0
0
0
0
0
0
0
0
0
0
0
0
0
0
0
0
0
0
0
0
0
0
0
0
0
0
0
0
0
0
0
0
0
0
0
0
0
0
0
0
0
0
0
0
0
0
0
0
0
0
1.79603
0
0
0
0
0
0
0
0
0
0
0
0
0
0
0
0
0
0
0
0
0
0
0
0
0
0
0
0
0
0
0
0
0
0
0
0
0
0
0
0
0
0
0
0
0
0
0
0
0
0
0
0
0
0
0
0
0
0
0
0
0
0
0
0
0
0
0
0
0
0
0
0
0
0
0
0
0
0
0
0
0
0
0
0
0
0
0
0
0
0
0
0
0
0
0
0
0
0
0
0
0
0
0
0
0
0
0
0
0
0
0
0
0
0
0
0
0
0
0
0
0
0
0
0
0
0
0
0
0
0
0
0
0
0
0
0
0
0
0
0
0
0
0
0
0
0
0
0
0
0
0
0
0
0
0
0
0
0
0
0
0
0
0
0
0
0
0
0
0
0
0
0
0
0
0
0
0
0
0
0
0
0
0
0
0
0
0
0
0
0
0
0
0
0
0
0
0
0
0
0
0
0
0
0
0
0
0
0
0
0.604426
0
0
0
0
0
0
0
0
0
0
0
0
0
0
0
0
0
0
0
0
0
0
0
0
0
0
0
0
0
0
0
0
0
0
0
0
0
0
0
0
0
0
0
0
0
0
0
0
0
0
0
0
0
0
0
0
0
0
0
0
0
0
0
0
0
0
0
0
0
0
0
0
0
0
0
0
0
0
0
0
0
0
0
0
0
0
0
0
0
0
0
0
0
0
0
0
0
0
0
0
0
0
0
0
0
0
0
0
0
0
0
0
0
0
0
0
0
0
0
0
0
0
0
0
0
0
0
0
0
0
0
0
0
0
0
0
0
0
0
0
0
0
0
0
0
0
0
0
0
0
0
0
0
0
0
0
0
0
0
0
0
0
0
0
0
0
0
0
0
0
0
0
0
0
0
0
0
0
0
0
0
0
0
0
0
0
0
0
0
0
0
0
0
0
0
0
0
0
0
0
0
0
0
0
0
0
0
0
0
0
0
0
0
0
0
0
0
0
0
0
0
0
0
0
0
0
0
0
0
0
0
0
0
0
0
0
0
0
0
0
0
0
0
0
0
0
0
0
0
0
0
0
0
0
0
0
0
0
0
0
0
0
0
0
0
0
0
0
0
0
0
0
0
0
0
0
0
0
0
0
0
0
0
0
0
0
0
0
0
0
0
0
0
0
0
0
0
0
0
0
0
0
0
0
0
0
0
0
0
0
0
0
0
0
0
0
0
0
0
0
0
0
0
0
0
0
0
0
0
0
0
0
0
0
0
0
0
0
0
0
0
0
0
0
0
0
0
0
0
0
0
0
0
0
0
0
0
0
0
0
0
0
0
0
0
0
0
0
0
0
0
0
0
0
0
0
0
0
0
0
0
0
0
0
0
0
0
0
0
0
0
0
0
0
0
0
0
0
0
0
0
0
0
0
0
0
0
0
0
0
0
0
0
0
0
0
0
0
0
0
0
0
0
0
0
0
0
0
0
0
0
0
0
0
0
0
0
0
0
0
0
0
0
0
0
0
0
0
0
0
0
0
0
0
0
0
0
0
0
0
0
0
0
0
0
0
0
0
0
0
0
0
0
0
0
0
0
0
0
0
0
0
0
0
0
0
0
0
0
0
0
0
0
0
0
0
0
0
0
0
0
0
0
0
0
0
0
0
0
0
0
0
0
0
0
0
0
0
0
0
0
0
0
0
0
0
0
0
0
0
0
0
0
0
0
0
0
0
0
0
0
0
0
0
0
0
0
0
0
0
0
0
0
0
0
0
0
0
0
0
0
0
0
0
0
0
0
0
0
0
0
0
0
0
0
0
0
0
0
0
0
0
0
0
0
0
0
0
0
0
0
0
0
0
0
0
0
0
0
0
0
0
0
0
0
0
0
0
0
0
0
0
0
0
0
0
0
0
0
0
0
0
0
0
0
0
0
0
0
0
0
0
0
0
0
0
0
0
0
0
0
0
0
0
0
0
0
0
0
0
0
0
0
0
0
0
0
0
0
0
0
0
0
0
0
0
0
0
0
0
0
0
0
0
0
0
0
0
0
0
0
0
0
0
0
0
0
0
0
0
0
0
0
0
0
0
0
0
0
0
0
0
0
0
0
0
0
0
0
0
0
0
0
0
0
0
0
0
0
0
0
0
0
0
0
0
0
0
0
0
0
0
0
0
0
0
0
0
0
0
0
0
0
0
0
0
0
0
0
0
0
0
0
0
0
0
0
0
0
0
0
0
0
0
0
0
0
0
0
0
0
0
0
0
0
0
0
0
0
0
0
0
0
0
0
0
0
0
0
0
0
0
0
0
0
0
0
0
0
0
0
0
0
0
0
0
0
0
0
0
0
0
0
0
0
0
0
0
0
0
0
0
0
0
0
0
0
0
0
0
0
0
0.743724
0
0
0
0
0
0
0
0
0
0
0
0
0
0
0
0
0
0
0
0
0
0
0
0
0
0
0
0
0
0
0
0
0
0
0
0
0
0
0
0
0
0
0
0
0
0
0
0
0
0
0
0
0
0
0
0
0
0
0
0
0
0
0.445364
0
0
0
0
0
0
0
0
0
0
0
0
0
0
0
0
0
0
0
0
0
0
0
0
0
0
0
0
0
0
0
0
0
0
0
0
0
0
0
0
0
0
0
0
0
0
0
0
0
0
0
0
0
0
0
0
0
0
0
0
0
0
0
0
0
0
0
0
0
0
0
0
0
0
0
0
0
0
0
0
0
0
0
0
0
0
0
0
0
0
0
0
0
0
0
0
0
0
0
0
0
0
0
0
0
0
0
0
0
0
0
0
0
0
0
0
0
0
0
0
0
0
0
0
0
0
0
0
0
0
0
0
0
0
0
0
0
0
0
0
0
0
0
0
0
0
0
0
0
0
0
0
0
0
0
0
0
0
0
0
0
0
0
0
0
0
0
0
0
0
0
0
0
0
0
0
0
0
0
0
0
0
0
0
0
0
0
0
0
0
0
0
0
0
0
0
0
0
0
0
0
0
0
0
0
0
0
0
0
0
0
0
0
0
0
0
0
0
0
0
0
0
0
0
0
0
0
0
0
0
0
0
0
0
0
0
0
0
0
0
0
0
0
0
0
0
0
0
0
0
0
0
0
0
0
0
0
0
0
0
0
0
0
0
0
0
0
0
0
0
0
0
0
0
0
0
0
0
0
0
0
0
0
0
0
0
0
0
0
0
0
0
0
0
0
0
0
0
0
0
0
0
0
0
0
0
0
0
0
0
0
0
0
0
0
0
0
0
0
0
0
0
0
0
0
0
0
0
0
0
0
0
0
0
0
0
0
0
0
0
0
0
0
0
0
0
0
0
0
0
0
0
0
0
0
0
0
0
0
0
0
0
0
0
0
0
0
0
0
0
0
0
0
0
0
0
0
0
0
0
0
0
0
0
0
0
0
0
0
0
0
0
0
0
0
0
0
0
0
0
0
0
0
0
0
0
0
0
0
0
0
0
0
0
0
0
0
0
0
0
0
0
0
0
0
0
0
0
0
0
0
0
0
0
0
0
0
0
0
0
0
0
0
0
0
0
0
0
0
0
0
0
0
0
0
0
0
0
0
0
0
0
0
0
0
0
0
0
0
0
0
0
0
0
0
0
0
0
0
0
0
0
0
0
0
0
0
0
0
0
0
0
0
0
0.597906
0
0
0
0
0
0
0
0
0
0
0
0
0
0
0
0
0
0
0
0
0
0
0
0
0
0
0
0
0
0
0
0
0
0
0
0
0
0
0
0
0
0
0
0
0
0
0
0
0
0
0
0
0
0
0
0
0
0
0
0
0
0
0
0
0
0
0
0
0
0
0
0
0
0
0
0
0
0
0
0
0
0
0
0
0
0
0
0
0
0
0
0
0
0
0
0
0
0
0
0
0
0
0
0
0
0
0
0
0
0
0
0
0
0
0
0
0
0
0
0
0
0
0
0
0
0
0
0
0
0
0
0
0
0
0
0
0
0
0
0
0
0
0
0
0
0
0
0
0
0
0
1.32963
0
0
0
0
0
0
0
0
0
0
0
0
0
0
0
0
0
0
0
0
0
0
0
0
0
0
0
0
0
0
0
0
0
0
0
0
0
0
0
0
0
0
0
0
0
0
0
0
0
0
0
0
0
0
0
0
0
0
0
0
0
0
0
0
0
0
0
0
0
0
0
0
0
0
0
0
0
0
0
0
0
0
0
0
0
0
0
0
0
0
0
0
0
0
0
0
0
0
0
0
0
0
0
0
0
0
0
0
0
0
0
0
0
0
0
0
0
0
0
0
0
0
0
0
0
0
0
0
0
0
0
0
0
0
0
0
0
0
0
0
0
0
0
0
0
0
0
0
0
0
0
0
0
0
0
0
0
0
0
0
0
0
0
0
0
0
0
0
0
0
0
0
0
0
0
0
0
0
0
0
0
0
0
0
0
0
0
0
0
0
0
0
0
0
0
0
0
0
0
0
0
0
0
0
0
0
0
0
0
0
0
0
0
0
0
0
0
0
0
0
0
0
0
0
0
0
0
0
0
0
0
0
0
0
0
0
0
0
0
0
0
0
0
0
0
0
0
0
0
0
0
0
0
0
0
0
0
0
0
0
0
0
0
0
0
0
0
0
0
0
0
0
0
0
0
0
0
0
0
0
0
0
0
0
0
0
0
0
0
0
0
0
0
0
0
0
0
0
0
0
0
0
0
0
0
0
0
0
0
0
0
0
0
0
0
0
0
0
0
0
0
0
0
0
0
0
0
0
0
0
0
0
0
0
0
0
0
0
0
0
0
0
0
0
0
0
0
0
0
0
0
0
0
0
0
0
0
0
0
0
0
0
0
0
0
0
0
0
0
0
0
0
0
0
0
0
0
0
0
0
0
0
0
0
0
0
0
0
0
0
0
0
0
0
0
0
0
0
0
0
0
0
0
0
0
0
0
0
0
0
0
0
0
0
0
0
0
0
0
0
0
0
0
0
0
0
0
0
0
0
0
0
0
0
0
0
0
0
0
0
0
0
0
0
0
0
0
0
0
0
0
0
0
0
0
0
0
0
0
0
0
0
0
0
0
0
0
0
0
0
0
0
0
0
0
0
0
0
0
0
0
0
0
0
0
0
0
0
0
0
0
0
0
0
0
0
0
0
0
0
0
0
0
0
0
0
0
0
0
0
0
0
0
0
0
0
0
0
0
0
0
0
0
0
0
0
0
0
0
0
0
0
0
0
0
0
0
0
0
0
0
0
0
0
0
0
0
0
0
0
0
0
0
0
0
0
0
0
0
0
0
0
0
0
0
0
0
0
0
0
0
0
0
0
0
0
0
0
0
0
0
0
0
0
0
0
0
0
0
0
0
0
0
0
0
0
0
0
0
0
0
0
0
0
0
0
0
0
0
0
0
0
0
0
0
0
0
0
0
0
0
0
0
0
0
0
0
0
0
0
0
0
0
0
0
0
0
0
0
0
0
0
0
0
0
0
0
0
0
0
0
0
0
0
0
0
0
0
0
0
0
0
0
0
0
0
0
0
0
0
0.702449
0
0
0
0
0
0
0
0
0
0
0
0
0
0.521449
0
0
0
0
0
0
0
0
0
0
0
0
0
0
0
0
0
0
0
0
0
0
0
0
0
0
0
0
0
0
0
0
0
0
0
0
0
0
0
0
0
0
0
0
0
0
0
0
0
0
0
0
0
0
0
0
0
0
0
0.586271
0
0
0
0
0
0
0
0
0
0
0
0
0
0
0
0
0
0
0
0
0
0
0
0
0
0
0
0
0
0
0
0
0
0
0
0
0
0
0
0
0
0
0
0
0
0
0
0
0
0
0
0
0
0
0
0
0
0
0
0
0
0
0
0
0
0
0
0
0
0
0
0
0
0
0
0
0
0
0
0
0
0
0
0
0
0
0
0
0
0
0
0
0
0
0
0
0
0
0
0
0
0
0
0
0
0
0
0
0
0
0
0
0
0
0
0
0
0
0
0
0
0
0
0
0
0
0
0
0
0
0
0
0
0
0
0
0
0
0
0
0
0
0
0
0
0
0
0
0
0
0
0
0
0
0
0
0
0
0
0
0
0
0
0
0
0
0
0
0
0
0
0
0
0
0
0
0
0
0
0
0
0
0
0
0
0
0
0
0
0
0
0
0
0
0
0
0
0
0
0
0
0
0
0
0
0
0
0
0
0
0
0
0
0
0
0
0
0
0
0
0
0
0
0
0
0
0
0
0
0
0
0
0
0
0
0
0
0
0
0
0
0
0
0
0
0
0
0
0
0
0
0
0
0
0
0
0
0
0
0
0
0
0
0
0
0
0
0
0
0
0
0
0
0
0
0
0
0
0
0
0
0
0
0
0
0
0
0
0
0
0
0
0
0
0
0
0
0
0
0
0
0
0
0
0
0
0
0
0
0
0
0
0
0
0
0
0
0
0
0
0
0
0
0
0
0
0
0
0
0
0
0
0
0
0
0
0
0
0
0
0
0
0
0
0
0
0
0
0
0
0
0
0
0
0
0
0
0
0
0
0
0
0
0
0
0
0
0
0
0
0
0
0
0
0
0
0
0
0
0
0
0
0
0
0
0
0
0
0
0
0
0
0
0
0
0
0
0
0
0
0
0
0
0
0
0
0
0
0
0
0
0
0
0
0
0
0
0
0
0
0
0
0
0
0
0
0
0
0
0
0
0
0
0
0
0
0
0
0
0
0
0
0
0
0
0
0
0
0
0
0
0
0
0
0
0
0
0
0
0
0
0
0
0
0
0
0
0
0
0
0
0
0
0
0
0
0
0
0
0
0
0
0
0
0
0
0
0
0
0
0
0
0
0
0
0
0
0
0
0
0
0
0
0
0
0
0
0
0
0
0
0
0
0
0
0
0
0
0
0
0
0
0
0
0
0
0
0
0
0
0
0
0
0
0
0
0
0
0
0
0
0
0
0
0
0
0
0
0
0
0
0
0
0
0
0
0
0
0
0
0
0
0
0
0
0
0
0
0
0
0
0
0
0
0
0
0
0
0
0
0
0
0
0
0
0
0
0
0
0
0
0
0
0
0
0
0
0
0
0
0
0
0
0
0
0
0
0
0
0
0
0
0
0
0
0
0
0
0
0
0
0
0
0
0
0
0
0
0
0
0
0
0
0
0
0
0
0
0
0
0
0
0
0
0
0
0
0
0
0
0
0
0
0
0
0
0
0
0
0
0
0
0
0
0
0
0
0
0
0
0
0
0
0
0
0
0
0
0
0
0
0
0
0
0
0
0
0
0
0
0
0
0
0
0
0
0
0
0
0
0
0
0
0
0
0
0
0
0
0
0
0
0
0
0
0
0
0
0
0
0
0
0
0
0
0
0
0
0
0
0
0
0
0
0
0
0
0
0
0
0
0
0
0
0
0
0
0
0
0
0
0
0
0
0
0
0
0
0
0
0
0
0
0
0
0
0
0
0
0
0
0
0
0
0
0
0
0
0
0
0
0
0
0
0
0
0
0
0
0
0
0
0
0
0
0
0
0
0
0
0
0
0
0
0
0
0
0
0
0
0
0
0
0
0
0
0
0
0
0
0
0
0
0
0
0
0
0
0
0
0
0
0
0
0
0
0
0
0
0
0
0
0
0
0
0
0
0
0
0
0
0
0
0
0
0
0
0
0
0
0
0
0
0
0
0
0
0
0
0
0
0
0
0
0
0
0
0
0
0
0
0
0
0
0
0
0
0
0
0
0
0
0
0
0
0
0
0
0
0
0
0
0
0
0
0
0
0
0
0
0
0
0
0
0
0
0
0
0
0
0
0
0
0
0
0
0
0
0
0
0
0
0
0
0
0
0
0
0
0
0
0
0
0
0
0
0
0
0
0
0
0
0
0
0
0
0
0
0
0
0
0
0
0
0
0
0
0
0
0
0
0
0
0
0
0
0
0
0
0
0
0
0
0
0
0
0
0
0
0
0
0
0
0
0
0
0
0
0
0
0
0
0
0
0
0
0
0
0
0
0
0
0
0
0
0
0
0
0
0
0
0
0
0
0
0
0
0
0
0
0
0
0
0
0
0
0
0
0
0
0
0
0
0
0
0
0
0
0
0
0
0
0
0
0
0
0
0
0
0
0
0
0
0
0
0
0
0
0
0
0
0
0
0
0
0
0
0
0
0
0
0
0
0
0
0
0
0
0
0
0
0
0
0
0
0
0
0
0
0
0
0
0
0
0
0
0
0
0
0
0
0
0
0
0
0
0
0
0
0
0
0
0
0
0
0
0
0
0
0
0
0
0
0
0
0
0
0
0
0
0
0
0
0
0
0
0
0
0
0
0
0
0
0
0
0
0
0
0
0
0
0
0
0
0
0
0
0
0
0
0
0
0
0
0
0
0
0
0
0
0
0
0
0
0
0
0
0
0
0
0
0
0
0
0
0
0
0
0
0
0
0
0
0
0
0
0
0
0
0
0
0
0
0
0
0
0
0
0
0
0
0
0
0
0
0
0
0
0
0
0
0
0
0
0
0
0
0
0
0
0
0
0
0
0
0
0
0
0
0
0
0
0
0
0
0
0
0
0
0
0
0
0
0
0
0
0
0
0
0
0
0
0
0
0
0
0
0
0
0
0
0
0
0
0
0
0
0
0
0
0
0
0
0
0
0
0
0
0
0
0
0
0
0
0
0
0
0
0
0
0
0
0
0
0
0
0
0
0
0
0
0
0
0
0
0
0
0
0
0
0
0
0
0
0
0
0
0
0
0
0
0
0
0
0
0
0
0
0
0
0
0
0
0
0
0
0
0
0
0
0
0
0
0
0
0
0
0
0
0
0
0
0
0
0
0
0
0
0
0
0
0
0
0
0
0
0
0
0
0
0
0
0
0
0
0
0
0
0
0
0
0
0
0
0
0
0
0
0
0
0
0
0
0
0
0
0
0
0
0
0
0
0
0
0
0
0
0
0
0
0
0
0
0
0
0
0
0
0
0
0
0
0
0
0
0
0
0
0
0
0
0
0
0
0
0
0
0
0
0
0
0
0
0
0
0
0
0
0
0
0
0
0
0
0
0
0
0
0
0
0
0
0
0
0
0
0
0
0
0
0
0
0
0
0
0
0
0
0
0
0
0
0
0
0
0
0
0
0
0
0
0
0
0
0
0
0
0
0
0
0
0
0
0
0
0
0
0
0
0
0
0
0
0
0
0
0
0
0
0
0
0
0
0
0
0
0
0
0
0
0
0
0
0
0
0
0
0
0
0
0
0
0
0
0
0
0
0
0
0
0
0
0
0
0
0
0
0
0
0
0
0
0
0
0
0
0
0
0
0
0
0
0
0
0
0
0
0
0
0
0
0
0
0
0
0
0
0
0
0
0
0
0
0
0
0
0
0
0
0
0
0
0
0
0
0
0
0
0
0
0
0
0
0
0
0
0
0
0
0
0
0
0
0
0
0
0
0
0
0
0
0
0
0
0
0
0
0
0
0
0
0
0
0
0
0
0
0
0
0
0
0
0
0
0
0
0
0
0
0
0
0
0
0
0
0
0
0
0
0
0
0
0
0
0
0
0
0
0
0
0
0
0
0
0
0
0
0
0
0
0
0
0
0
0
0
0
0
0
0
0
0
0
0
0
0
0
0
0
0
0
0
0
0
0
0
0
0
0
0
0
0
0
0
0
0
0
0
0
0
0
0
0
0
0
0
0
0
0
0
0
0
0
0
0
0
0
0
0
0
0
0
0
0
0
0
0
0
0
0
0
0
0
0
0
0
0
0
0
0
0
0
0
0
0
0
0
0
0
0
0
0
0
0
0
0
0
0
0
0
0
0
0
0
0
0
0
0
0
0
0
0
0
0
0
0
0
0
0
0
0
0
0
0
0
0
0
0
0
0
0
0
0
0
0
0
0
0
0
0
0
0
0
0
0
0
0
0
0
0
0
0
0
0
0
0
0
0
0
0
0
0
0
0
0
0
0
0
0
0
0
0
0
0
0
0
0
0
0
0
0
0
0
0
0
0
0
0
0
0
0
0
0
0
0
0
0
0
0
0
0
0
0
0
0
0
0
0
0
0
0
0
0
0
0
0
0
0
0
0
0
0
0
0
0
0
0
0
0
0
0
0
0
0
0
0
0
0
0
0
0
0
0
0
0
0
0
0
0
0
0
0
0
0
0
0
0
0
0
0
0
0
0
0
0
0
0
0
0
0
0
0
0
0
0
0
0
0
0
0
0
0
0
0
0
0
0
0
0
0
0
0
0
0
0
0
0
0
0
0
0
0
0
0
0
0
0
0
0
0
0
0
0
0
0
0
0
0
0
0
0
0
0
0
0
0
0
0
0
0
0
0
0
0
0
0
0
0
0
0
0
0
0
0
0
0
0
0
0
0
0
0
0
0
0
0
0
0
0
0
0
0
0
0
0
0
0
0
0
0
0
0
0
0
0
0
0
0
0
0
0
0
0
0
0
0
0
0
0
0
0
0
0
0
0
0
0
0
0
0
0
0
0
0
0
0
0
0
0
0
0
0
0
0
0
0
0
0
0
0
0
0
0
0
0
0
0
0
0
0
0
0
0
0
0
0
0
0
0
0
0
0
0
0
0
0
0
0
0
0
0
0
0
0
0
0
0
0
0
0
0
0
0
0
0
0
0
0
0
0
0
0
0
0
0
0
0
0
0
0
0
0
0
0
0
0
0
0
0
0
0
0
0
0
0
0
0
0
0
0
0
0
0
0
0
0
0
0
0
0
0
0
0
0
0
0
0
0
0
0
0
0
0
0
0
0
0
0
0
0
0
0
0
0
0
0
0
0
0
0
0
0
0
0
0
0
0
0
0
0
0
0
0
0
0
0
0
0
0
0
0
0
0
0
0
0
0
0
0
0
0
0
0
0
0
0
0
0
0
0
0
0
0
0
0
0
0
0
0
0
0
0
0
0
0
0
0
0
0
0
0
0
0
0
0
0
0
0
0
0
0
0
0
0
0
0
0
0
0
0
0
0
0
0
0
0
0
0
0
0
0
0
0
0
0
0
0
0
0
0
0
0
0
0
0
0
0
0
0
0
0
0
0
0
0
0
0
0
0
0
0
0
0
0
0
0
0
0
0
0
0
0
0
0
0
0
0
0
0
0
0
0
0
0
0
0
0
0
0
0
0
0
0
0
0
0
0
0
0
0
0
0
0
0
0
0
0
0
0
0
0
0
0
0
0
0
0
0
0
0
0
0
0
0
0
0
0
0
0
0
0
0
0
0
0
0
0
0
0
0
0
0
0
0
0
0
0
0
0
0
0
0
0
0
0
0
0
0
0
0
0
0
0
0
0
0
0
0
0
0
0
0
0
0
0
0
0
0
0
0
0
0
0
0
0
0
0
0
0
0
0
0
0
0
0
0
0
0
0
0
0
0
0
0
0
0
0
0
0
0
0
0
0
0
0
0
0
0
0
0
0
0
0
0
0
0
0
0
0
0
0
0
0
0
0
0
0
0
0
0
0
0
0
0
0
0
0
0
0
0
0
0
0
0
0
0
0
0
0
0
0
0
0
0
0
0
0
0
0
0
0
0
0
0
0
0
0
0
0
0
0
0
0
0
0
0
0
0
0
0
0
0
0
0
0
0
0
0
0
0
0
0
0
0
0
0
0
0
0
0
0
0
0
0
0
0
0
0
0
0
0
0
0
0
0
0
0
0
0
0
0
0
0
0
0
0
0
0
0
0
0
0
0
0
0
0
0
0
0
0
0
0
0
0
0
0
0
0
0
0
0
0
0
0
0
0
0
0
0
0
0
0
0
0
0
0
0
0
0
0
0
0
0
0
0
0
0
0
0
0
0
0
0
0
0
0
0
0
0
0
0
0
0
0
0
0
0
0
0
0
0
0
0
0
0
0
0
0
0
0
0
0
0
0
0
0
0
0
0
0
0
0
0
0
0
0
0
0
0
0
0
0
0
0
0
0
0
0
0
0
0
0
0
0
0
0
0
0
0
0
0
0
0
0
0
0
0
0
0
0
0
0
0
0
0
0
0
0
0
0
0
0
0
0
0
0
0
0
0
0
0
0
0
0
0
0
0
0
0
0
0
0
0
0
0
0
0
0
0
0
0
0
0
0
0
0
0
0
0
0
0
0
0
0
0
0
0
0
0
0
0
0
0
0
0
0
0
0
0
0
0
0
0
0
0
0
0
0
0
0
0
0
0
0
0
0
0
0
0
0
0
0
0
0
0
0
0
0
0
0
0
0
0
0
0
0
0
0
0
0
0
0
0
0
0
0
0
0
0
0
0
0
0
0
0
0
0
0
0
0
0
0
0
0
0
0
0
0
0
0
0
0
0
0
0
0
0
0
0
0
0
0
0
0
0
0
0
0
0
0
0
0
0
0
0
0
0
0
0
0
0
0
0
0
0
0
0
0
0
0
0
0
0
0
0
0
0
0
0
0
0
0
0
0
0
0
0
0
0
0
0
0
0
0
0
0
0
0
0
0
0
0
0
0
0
0
0
0
0
0
0
0
0
0
0
0
0
0
0
0
0
0
0
0
0
0
0
0
0
0
0
0
0
0
0
0
0
0
0
0
0
0
0
0
0
0
0
0
0
0
0
0
0
0
0
0
0
0
0
0
0
0
0
0
0
0
0
0
0
0
0
0
0
0
0
0
0
0
0
0
0
0
0
0
0
0
0
0
0
0
0
0
0
0
0
0
0
0
0
0
0
0
0
0
0
0
0
0
0
0
0
0
0
0
0
0
0
0
0
0
0
0
0
0
0
0
0
0
0
0
0
0
0
0
0
0
0
0
0
0
0
0
0
0
0
0
0
0
0
0
0
0
0
0
0
0
0
0
0
0
0
0
0
0
0
0
0
0
0
0
0
0
0
0
0
0
0
0
0
0
0
0
0
0
0
0
0
0
0
0
0
0
0
0
0
0
0
0
0
0
0
0
0
0
0
0
0
0
0
0
0
0
0
0
0
0
0
0
0
0
0
0
0
0
0
0
0
0
0
0
0
0
0
0
0
0
0
0
0
0
0
0
0
0
0
0
0
0
0
0
0
0
0
0
0
0
0
0
0
0
0
0
0
0
0
0
0
0
0
0
0
0
0
0
0
0
0
0
0
0
0
0
0
0
0
0
0
0
0
0
0
0
0
0
0
0
0
0
0
0
0
0
0
0
0
0
0
0
0
0
0
0
0
0
0
0
0
0
0
0
0
0
0
0
0
0
0
0
0
0
0
0
0
0
0
0
0
0
0
0
0
0
0
0
0
0
0
0
0
0
0
0
0
0
0
0
0
0
0
0
0
0
0
0
0
0
0
0
0
0
0
0
0
0
0
0
0
0
0
0
0
0
0
0
0
0
0
0
0
0
0
0
0
0
0
0
0
0
0
0
0
0
0
0
0
0
0
0
0
0
0
0
0
0
0
0
0
0
0
0
0
0
0
0
0
0
0
0
0
0
0
0
0
0
0
0
0
0
0
0
0
0
0
0
0
0
0
0
0
0
0
0
0
0
0
0
0
0
0
0
0
0
0
0
0
0
0
0
0
0
0
0
0
0
0
0
0
0
0
0
0
0
0
0
0
0
0
0
0
0
0
0
0
0
0
0
0
0
0
0
0
0
0
0
0
0
0
0
0
0
0
0
0
0
0
0
0
0
0
0
0
0
0
0
0
0
0
0
0
0
0
0
0
0
0
0
0
0
0
0
0
0
0
0
0
0
0
0
0
0
0
0
0
0
0
0
0
0
0
0
0
0
0
0
0
0
0
0
0
0
0
0
0
0
0
0
0
0
0
0
0
0
0
0
0
0
0
0
0
0
0
0
0
0
0
0
0
0
0
0
0
0
0
0
0
0
0
0
0
0
0
0
0
0
0
0
0
0
0
0
0
0
0
0
0
0
0
0
0
0
0
0
0
0
0
0
0
0
0
0
0
0
0
0
0
0
0
0
0
0
0
0
0
0
0
0
0
0
0
0
0
0
0
0
0
0
0
0
0
0
0
0
0
0
0
0
0
0
0
0
0
0
0
0
0
0
0
0
0
0
0
0
0
0
0
0
0
0
0
0
0
0
0
0
0
0
0
0
0
0
0
0
0
0
0
0
0
0
0
0
0
0
0
0
0
0
0
0
0
0
0
0
0
0
0
0
0
0
0
0
0
0
0
0
0
0
0
0
0
0
0
0
0
0
0
0
0
0
0
0
0
0
0
0
0
0
0
0
0
0
0
0
0
0
0
0
0
0
0
0
0
0
0
0
0
0
0
0
0
0
0
0
0
0
0
0
0
0
0
0
0
0
0
0
0
0
0
0
0
0
0
0
0
0
0
0
0
0
0
0
0
0
0
0
0
0
0
0
0
0
0
0
0
0
0
0
0
0
0
0
0
0
0
0
0
0
0
0
0
0
0
0
0
0
0
0
0
0
0
0
0
0
0
0
0
0
0
0
0
0
0
0
0
0
0
0
0
0
0
0
0
0
0
0
0
0
0
0
0
0
0
0
0
0
0
0
0
0
0
0
0
0
0
0
0
0
0
0
0
0
0
0
0
0
0
0
0
0
0
0
0
0
0
0
0
0
0
0
0
0
0
0
0
0
0
0
0
0
0
0
0
0
0
0
0
0
0
0
0
0
0
0
0
0
0
0
0
0
0
0
0
0
0
0
0
0
0
0
0
0
0
0
0
0
0
0
0
0
0
0
0
0
0
0
0
0
0
0
0
0
0
0
0
0
0
0
0
0
0
0
0
0
0
0
0
0
0
0
0
0
0
0
0
0
0
0
0
0
0
0
0
0
0
0
0
0
0
0
0
0
0
0
0
0
0
0
0
0
0
0
0
0
0
0
0
0
0
0
0
0
0
0
0
0
0
0
0
0
0
0
0
0
0
0
0
0
0
0
0
0
0
0
0
0
0
0
0
0
0
0
0
0
0
0
0
0
0
0
0
0
0
0
0
0
0
0
0
0
0
0
0
0
0
0
0
0
0
0
0
0
0
0
0
0
0
0
0
0
0
0
0
0
0
0
0
0
0
0
0
0
0
0
0
0
0
0
0
0
0
0
0
0
0
0
0
0
0
0
0
0
0
0
0
0
0
0
0
0
0
0
0
0
0
0
0
0
0
0
0
0
0
0
0
0
0
0
0
0
0
0
0
0
0
0
0
0
0
0
0
0
0
0
0
0
0
0
0
0
0
0
0
0
0
0
0
0
0
0
0
0
0
0
0
0
0
0
0
0
0
0
0
0
0
0
0
0
0
0
0
0
0
0
0
0
0
0
0
0
0
0
0
0
0
0
0
0
0
0
0
0
0
0
0
0
0
0
0
0
0
0
0
0
0
0
0
0
0
0
0
0
0
0
0
0
0
0
0
0
0
0
0
0
0
0
0
0
0
0
0
0
0
0
0
0
0
0
0
0
0
0
0
0
0
0
0
0
0
0
0
0
0
0
0
0
0
0
0
0
0
0
0
0
0
0
0
0
0
0
0
0
0
0
0
0
0
0
0
0
0
0
0
0
0
0
0
0
0
0
0
0
0
0
0
0
0
0
0
0
0
0
0
0
0
0
0
0
0
0
0
0
0
0
0
0
0
0
0
0
0
0
0
0
0
0
0
0
0
0
0
0
0
0
0
0
0
0
0
0
0
0
0
0
0
0
0
0
0
0
0
0
0
0
0
0
0
0
0
0
0
0
0
0
0
0
0
0
0
0
0
0
0
0
0
0
0
0
0
0
0
0
0
0
0
0
0
0
0
0
0
0
0
0
0
0
0
0
0
0
0
0
0
0
0
0
0
0
0
0
0
0
0
0
0
0
0
0
0
0
0
0
0
0
0
0
0
0
0
0
0
0
0
0
0
0
0
0
0
0
0
0
0
0
0
0
0
0
0
0
0
0
0
0
0
0
0
0
0
0
0
0
0
0
0
0
0
0
0
0
0
0
0
0
0
0
0
0
0
0
0
0
0
0
0
0
0
0
0
0
0
0
0
0
0
0
0
0
0
0
0
0
0
0
0
0
0
0
0
0
0
0
0
0
0
0
0
0
0
0
0
0
0
0
0
0
0
0
0
0
0
0
0
0
0
0
0
0
0
0
0
0
0
0
0
0
0
0
0
0
0
0
0
0
0
0
0
0
0
0
0
0
0
0
0
0
0
0
0
0
0
0
0
0
0
0
0
0
0
0
0
0
0
0
0
0
0
0
0
0
0
0
0
0
0
0
0
0
0
0
0
0
0
0
0
0
0
0
0
0
0
0
0
0
0
0
0
0
0
0
0
0
0
0
0
0
0
0
0
0
0
0
0
0
0
0
0
0
0
0
0
0
0
0
0
0
0
0
0
0
0
0
0
0
0
0
0
0
0
0
0
0
0
0
0
0
0
0
0
0
0
0
0
0
0
0
0
0
0
0
0
0
0
0
0
0
0
0
0
0
0
0
0
0
0
0
0
0
0
0
0
0
0
0
0
0
0
0
0
0
0
0
0
0
0
0
0
0
0
0
0
0
0
0
0
0
0
0
0
0
0
0
0
0
0
0
0
0
0
0
0
0
0
0
0
0
0
0
0
0
0
0
0
0
0
0
0
0
0
0
0
0
0
0
0
0
0
0
0
0
0
0
0
0
0
0
0
0
0
0
0
0
0
0
0
0
0
0
0
0
0
0
0
0
0
0
0
0
0
0
0
0
0
0
0
0
0
0
0
0
0
0
0
0
0
0
0
0
0
0
0
0
0
0
0
0
0
0
0
0
0
0
0
0
0
0
0
0
0
0
0
0
0
0
0
0
0
0
0
0
0
0
0
0
0
0
0
0
0
0
0
0
0
0
0
0
0
0
0
0
0
0
0
0
0
0
0
0
0
0.302057
0
0
0
0
0
0
0
0
0
0
0
0
0
0
0
0
0
0
0
0
0
0
0
0
0
0
0
0
0
0
0
0
0
0
0
0
0
0
0
0
0
0
0
0
0
0
0
0
0
0
0
0
0
0
0
0
0
0
0
0
0
0
0
0
0
0
0
0
0
0
0
0
0
0
0
0
0
0
0
0
0
0
0
0
0
0
0
0
0
0
0
0
0
0
0
0
0
0
0
0
0
0
0
0
0
0
0
0
0
0
0
0
0
0
0
0
0
0
0
0
0
0
0
0
0
0
0
0
0
0
0
0
0
0
0
0
0
0
0
0
0
0
0
0
0
0
0
0
0
0
0
0
0
0
0
0
0
0
0
0
0
0
0
0
0
0
0
0
0
0
0
0
0
0
0
0
0
0
0
0
0
0
0
0
0
0
0
0
0
0
0
0
0
0
0
0
0
0
0
0
0
0
0
0
0
0
0
0
0
0
0
0
0
0
0
0
0
0
0
0
0
0
0
0
0
0
0
0
0
0
0
0
0
0
0
0
0
0
0
0
0
0
0
0
0
0
0
0
0
0
0
0
0
0
0
0
0
0
0
0
0
0
0
0
0
0
0
0
0
0
0
0
0
0
0
0
0
0
0
0
0
0
0
0
0
0
0
0
0
0
0
0
0
0
0
0
0
0
0
0
0
0
0
0
0
0
0
0
0
0
0
0
0
0
0
0
0
0
0
0
0
0
0
0
0
0
0
0
0
0
0
0
0
0
0
0
0
0
0
0
0
0
0
0
0
0
0
0
0
0
0
0
0
0
0
0
0
0
0
0
0
0
0
0
0
0
0
0
0
0
0
0
0
0
0
0
0
0
0
0
0
0
0
0
0
0
0
0
0
0
0
0
0
0
0
0
0
0
0
0
0
0
0
0
0
0
0
0
0
0
0
0
0
0
0
0
0
0
0
0
0
0
0
0
0
0
0
0
0
0
0
0
0
0
0
0
0
0
0
0
0
0
0
0
0
0
0
0
0
0
0
0
0
0
0
0
0
0
0
0
0
0
0
0
0
0
0
0
0
0
0
0
0
0
0
0
0
0
0
0
0
0
0
0
0
0
0
0
0
0
0
0
0
0
0
0
0
0
0
0
0
0
0
0
0
0
0
0
0
0
0
0
0
0
0
0
0
0
0
0
0
0
0
0
0
0
0
0
0
0
0
0
0
0
0
0
0
0
0
0
0
0
0
0
0
0
0
0
0
0
0
0
0
0
0
0
0
0
0
0
0
0
0
0
0
0
0
0
0
0
0
0
0
0
0
0
0
0
0
0
0
0
0
0
0
0
0
0
0
0
0
0
0
0
0
0
0
0
0
0
0
0
0
0
0
0
0
0
0
0
0
0
0
0
0
0
0
0
0
0
0
0
0
0
0
0
0
0
0
0
0
0
0
0
0
0
0
0
0
0
0
0
0
0
0
0
0
0
0
0
0
0
0
0
0
0
0
0
0
0
0
0
0
0
0
0
0
0
0
0
0
0
0
0
0
0
0
0
0
0
0
0
0
0
0
0
0
0
0
0
0
0
0
0
0
0
0
0
0
0
0
0
0
0
0
0
0
0
0
0
0
0
0
0
0
0
0
0
0
0
0
0
0
0
0
0
0
0
0
0
0
0
0
0
0
0
0
0
0
0
0
0
0
0
0
0
0
0
0
0
0
0
0
0
0
0
0
0
0
0
0
0
0
0
0
0
0
0
0
0
0
0
0
0
0
0
0
0
0
0
0
0
0
0
0
0
0
0
0
0
0
0
0
0
0
0
0
0
0
0
0
0
0
0
0
0
0
0
0
0
0
0
0
0
0
0
0
0
0
0
0
0
0
0
0
0
0
0
0
0
0
0
0
0
0
0
0
0
0
0
0
0
0
0
0
0
0
0
0
0
0
0
0
0
0
0
0
0
0
0
0
0
0
0
0
0
0
0
0
0
0
0
0
0
0
0
0
0
0
0
0
0
0
0
0
0
0
0
0
0
0
0
0
0
0
0
0
0
0
0
0
0
0
0
0
0
0
0
0
0
0
0
0
0
0
0
0
0
0
0
0
0
0
0
0
0
0
0
0
0
0
0
0
0
0
0
0
0
0
0
0
0
0
0
0
0
0
0
0
0
0
0
0
0
0
0
0
0
0
0
0
0
0
0
0
0
0
0
0
0
0.411817
0
0
0
0
0
0
0
0
0
0
0
0
0
0
0
0
0
0
0
0
0
0
0
0
0
0
0
0
0
0
0
0
0
0
0
0
0
0
0
0
0
0
0
0
0
0
0
0
0
0
0
0
0
0
0
0
0
0
0
0
0
0
0
0
0
0
0
0
0
0
0
0
0
0
0
0
0
0
0
0
0
0
0
0
0
0
0
0
0
0
0
0
0
0
0
0
0
0
0
0
0
0
0
0
0
0
0
0
0
0
0
0
0
0
0
0
0
0
0
0
0
0
0
0
0
0
0
0
0
0
0
0
0
0
0
0
0
0
0
0
0
0
0
0
0
0
0
0
0
0
0
0
0
0
0
0
0
0
0
0
0
0
0
0
0
0
0
0
0
0
0
0
0
0
0
0
0
0
0
0
0
0
0
0
0
0
0
0
0
0
0
0
0
0
0
0
0
0
0
0
0
0
0
0
0
0
0
0
0
0
0
0
0
0
0
0
0
0
0
0
0
0
0
0
0
0
0
0
0
0
0
0
0
0
0
0
0
0
0
0
0
0
0
0
0
0
0
0
0
0
0
0
0
0
0
0
0
0
0
0
0
0
0
0
0
0
0
0
0
0
0
0
0
0
0
0
0
0
0
0
0
0
0
0
0
0
0
0
0
0
0
0
0
0
0
0
0
0
0
0
0
0
0
0
0
0
0
0
0
0
0
0
0
0
0
0
0
0
0
0
0
0
0
0
0
0
0
0
0
0
0
0
0
0
0
0
0
0
0
0
0
0
0
0
0
0
0
0
0
0
0
0
0
0
0
0
0
0
0
0
0
0
0
0
0
0
0
0
0
0
0
0
0
0
0
0
0
0
0
0
0
0
0
0
0
0
0
0
0
0
0
0
0
0
0
0
0
0
0
0
0
0
0
0
0
0
0
0
0
0
0
0
0
0
0
0
0
0
0
0
0
0
0
0
0
0
0
0
0
0
0
0
0
0
0
0
0
0
0
0
0
0
0
0
0
0
0
0
0
0
0
0
0
0
0
0
0
0
0
0
0
0
0
0
0
0
0
0
0
0
0
0
0
0
0
0
0
0
0
0
0
0
0
0
0
0
0
0
0
0
0
0
0
0
0
0
0
0
0
0
0
0
0
0
0
0
0
0
0
0
0
0
0
0
0
0
0
0
0
0
0
0
0
0
0
0
0
0
0
0
0
0
0
0
0
0
0
0
0
0
0
0
0
0
0
0
0
0
0
0
0
0
0
0
0
0
0
0
0
0
0
0
0
0
0
0
0
0
0
0
0
0
0
0
0
0
0
0
0
0
0
0
0
0
0
0
0
0
0
0
0
0
0
0
0
0
0
0
0
0
0
0
0
0
0
0
0
0
0
0
0
0
0
0
0
0
0
0
0
0
0
0
0
0
0
0
0
0
0
0
0
0
0
0
0
0
0
0
0
0
0
0
0
0
0
0
0
0
0
0
0
0
0
0
0
0
0
0
0
0
0
0
0
0
0
0
0
0
0
0
0
0
0
0
0
0
0
0
0
0
0.403384
0
0
0
0
0
0
0
0
0
0
0
0
0
0
0
0
0
0
0
0
0
0
0
0
0
0
0
0
0
0
0
0
0
0
0
0
0
0
0
0
0
0
0
0
0
0
0
0
0
0
0
0
0
0
0
0
0
0
0
0
0
0
0
0
0
0
0
0
0
0
0
0
0
0
0
0
0
0
0
0
0
0
0
0
0
0
0
0
0
0
0
0
0
0
0
0
0
0
0
0
0
0
0
0
0
0
0
0
0
0
0
0
0
0
0
0
0
0
0
0
0
0
0
0
0
0
0
0
0
0
0
0
0
0
0
0
0
0
0
0
0
0
0
0
0
0
0
0
0
0
0
0
0
0
0
0
0
0
0
0
0
0
0
0
0
0
0
0
0
0
0
0
0
0
0
0
0
0
0
0
0
0
0
0
0
0
0
0
0
0
0
0
0
0
0
0
0
0
0
0
0
0
0
0
0
0
0
0
0
0
0
0
0
0
0
0
0
0
0
0
0
0
0
0
0
0
0
0
0
0
0
0
0
0
0
0
0
0
0
0
0
0
0
0
0
0
0
0
0
0
0
0
0
0
0
0
0
0
0
0
0
0
0
0
0
0
0
0
0
0
0
0
0
0
0
0
0
0
0
0
0
0
0
0
0
0
0
0
0
0
0
0
0
0
0
0
0
0
0
0
0
0
0
0
0
0
0
0
0
0
0
0
0
0
0
0
0
0
0
0
0
0
0
0
0
0
0
0
0
0
0
0
0
0
0
0
0
0
0
0
0
0
0
0
0
0
0
0
0
0
0
0
0
0
0
0
0
0
0
0
0
0
0
0
0
0
0
0
0
0
0
0
0
0
0
0
0
0
0
0
0
0
0
0
0
0
0
0
0
0
0
0
0
0
0
0
0
0
0
0
0
0
0
0
0
0
0
0
0
0
0
0
0
0
0
0
0
0
0
0
0
0
0
0
0
0
0
0
0
0
0
0
0
0
0
0
0
0
0
0
0
0
0
0
0
0
0
0
0
0
0
0
0
0
0
0
0
0
0
0
0
0
0
0
0
0
0
0
0
0
0
0
0
0
0
0
0
0
0
0
0
0
0
0
0
0
0
0
0
0
0
0
0
0
0
0
0
0
0
0
0
0
0
0
0
0
0
0
0
0
0
0
0
0
0
0
0
0
0
0
0
0
0
0
0
0
0
0
0
0
0
0
0
0
0
0
0
0
0
0
0
0
0
0
0
0
0
0
0
0
0
0
0
0
0
0
0
0
0
0
0
0
0
0
0
0
0
0
0
0
0
0
0
0
0
0
0
0
0
0
0
0
0
0
0
0
0
0
0
0
0
0
0
0
0
0
0
0
0
0
0
0
0
0
0
0
0
0
0
0
0
0
0
0
0
0
0
0
0
0
0
0
0
0
0
0
0
0
0
0
0
0
0
0
0
0
0
0
0
0
0
0
0
0
0
0
0
0
0
0
0
0
0
0
0
0
0
0
0
0
0
0
0
0
0
0
0
0
0
0
0
0
0
0
0
0
0
0
0
0
0
0
0
0
0
0
0
0
0
0
0
0
0
0
0
0
0
0
0
0
0
0
0
0
0
0
0
0
0
0
0
0
0
0
0
0
0
0
0
0
0
0
0
0
0
0
0
0
0
0
0
0
0
0
0
0
0
0
0
0
0
0
0
0
0
0
0
0
0
0
0
0
0
0
0
0
0
0
0
0
0
0
0
0
0
0
0
0
0
0
0
0
0
0
0
0
0
0
0
0
0
0
0
0
0
0
0
0
0
0
0
0
0
0
0
0
0
0
0
0
0
0
0
0
0
0
0
0
0
0
0
0
0
0
0
0
0
0
0
0
0
0
0
0
0
0
0
0
0
0
0
0
0
0
0
0
0
0
0
0
0
0
0
0
0
0
0
0
0
0
0
0
0
0
0
0
0
0
0
0
0
0
0
0
0
0
0
0
0
0
0
0
0
0
0
0
0
0
0
0
0
0
0
0
0
0
0
0
0
0
0
0
0
0
0
0
0
0.650418
0
0
0
0
0
0
0
0
0
0
0
0
0
0
0
0
0
0
0
0
0
0
0
0
0
0
0
0
0
0
0
0
0
0
0
0
0
0
0
0
0
0
0
0
0
0
0
0
0
0
0
0
0
0
0
0
0
0
0
0
0
0
0
0
0
0
0
0
0
0
0
0
0
0
0
0
0
0
0
0
0
0
0
0
0
0
0
0
0
0
0
0
0
0
0
0
0
0
0
0
0
0
0
0
0
0
0
0
0
0
0
0
0
0
0
0
0
0
0
0
0
0
0
0
0
0
0
0
0
0
0
0
0
0
0
0
0
0
0
0
0
0
0
0
0
0
0
0
0
0
0
0
0
0
0
0
0
0
0
0
0
0
0
0
0
0
0
0
0
0
0
0
0
0
0
0
0
0
0
0
0
0
0
0
0
1.25277
0
0
0
0
0
0
0
0
0
0
0
0
0
0
0
0
0
0
0
0
0
0
0
0
0
0
0
0
0
0
0
0
0
0
0
0
0
0
0
0
0
0
0
0
0
0
0
0
0
0
0
0
0
0
0
0
0
0
0
0
0
0
0
0
0
0
0
0
0
0
0
0
0
0
0
0
0
0
0
0
0
0
0
0
0
0
0
0
0
0
0
0
0
0
0
0
0
0
0
0
0
0
0
0
0
0
0
0
0
0
0
0
0
0
0
0
0
0
0
0
0
0
0
0
0
0
0
0
0
0
0
0
0
0
0
0
0
0
0
0
0
0
0
0
0
0
0
0
0
0
0
0
0
0
0
0
0
0
0
0
0
0
0
0
0
0
0
0
0
0
0
0
0
0
0
0
0
0
0
0
0
0
0
0
0
0
0
0
0
0
0
0
0
0
0
0
0
0
0
0
0
0
0
0
0
0
0
0
0
0
0
0
0
0
0
0
0
0
0
0
0
0
0
0
0
0
0
0
0
0
0
0
0
0
0
0
0
0
0
0
0
0
0
0
0
0
0
0
0
0
0
0
0
0
0
0
0
0
0
0
0
0
0
0
0
0
0
0
0
0
0
0
0
0
0
0
0
0
0
0
0
0
0
0
0
0
0
0
0
0
0
0
0
0
0
0
0
0
0
0
0
0
0
0
0
0
0
0
0
0
0
0
0
0
0
0
0
0
0
0
0
0
0
0
0
0
0
0
0
0
0
0
0
0
0
0
0
0
0
0
0
0
0
0
0
0
0
0
0
0
0
0
0
0
0
0
0
0
0
0
0
0
0
0
0
0
0
0
0
0
0
0
0
0
0
0
0
0
0
0
0
0
0
0
0
0
0
0
0
0
0
0
0
0
0
0
0
0
0
0
0
0
0
0
0
0
0
0
0
0
0
0
0
0
0
0
0
0
0
0
0
0
0
0
0
0
0
0
0
0
0
0
0
0
0
0
0
0
0
0
0
0
0
0
0
0
0
0
0
0
0
0
0
0
0
0
0
0
0
0
0
0
0
0
0
0
0
0
0
0
0
0
0
0
0
0
0
0
0
0
0
0
0
0
0
0
0
0
0
