0.198442
0.323853
0.239136
0.328634
0.422654
0.489681
0.457211
0.500278
0.57043
0.570634
0.486874
0.560057
0.648273
0.618875
0.604224
0.62507
0.70513
0.652101
0.675971
0.595878
0.617376
0.590005
0.607287
0.63278
0.650255
0.644488
0.665673
0.668916
0.618816
0.721547
0.689302
0.647526
0.710698
0.626824
0.688997
0.719961
0.68127
0.721848
0.696125
0.694951
0.703858
0.754084
0.70779
0.72129
0.721009
0.712399
0.721394
0.69054
0.705595
0.62862
0.675389
0.630751
0.681007
0.65622
0.649046
0.630421
0.660352
0.621954
0.669288
0.648705
0.649076
0.653402
0.684684
0.661143
0.66323
0.636623
0.644597
0.663067
0.655624
0.662728
0.667306
0.639412
0.675959
0.637016
0.597448
0.643938
0.620316
0.661399
0.691922
0.666839
0.65842
0.611591
0.682792
0.638473
0.645544
0.65145
0.700309
0.67308
0.686273
0.627543
0.692406
0.69297
0.656049
0.653014
0.664468
0.666266
0.677239
0.642973
0.675514
0.650819
0.675899
0.646903
0.684543
0.649831
0.663179
0.648805
0.686234
0.687186
0.658327
0.715259
0.605488
0.651057
0.686119
0.663952
0.654427
0.603402
0.665579
0.646665
0.657847
0.683435
0.655989
0.66935
0.632136
0.656185
0.640382
0.639104
0.638405
0.625311
0.649655
0.718522
0.608061
0.693487
0.642412
0.710763
0.651139
0.660546
0.629391
0.668708
0.685966
0.66868
0.704839
0.673269
0.668737
0.669297
0.645242
0.638729
0.666791
0.670516
0.651548
0.612611
0.679828
0.691524
0.634132
0.678863
0.736176
0.65625
0.628977
0.643707
0.651008
0.649339
0.681942
0.697245
0.651163
0.640186
0.674477
0.630715
0.67614
0.673911
0.697364
0.672853
0.674354
0.653729
0.630019
0.702495
0.677518
0.71448
0.618259
0.689619
0.630303
0.670066
0.667804
0.663822
0.655275
0.651544
0.697449
0.650365
0.618352
0.673009
0.680725
0.711755
0.634837
0.685184
0.662766
0.657421
0.647011
0.654872
0.67002
0.625502
0.66703
0.632809
0.68089
0.667202
0.660634
0.676721
0.657779
0.671252
0.686794
0.64417
0.667242
0.657374
0.697854
0.647813
0.61201
0.666193
0.63314
0.674249
0.627482
0.69637
0.678275
0.66391
0.625251
0.616497
0.668129
0.708991
0.626936
0.696539
0.663205
0.680235
0.69144
0.701979
0.650665
0.652736
0.647797
0.652103
0.679064
0.66188
0.627287
0.65716
0.636138
0.676044
0.634582
0.681053
0.670698
0.650552
0.704509
0.67635
0.683614
0.67226
0.658401
0.710805
0.683506
0.637461
0.701773
0.711685
0.623064
0.711092
0.647072
0.66992
0.653764
0.610279
0.633279
0.664571
0.685667
0.596541
0.649818
0.638134
0.652464
0.663616
0.637294
0.719083
0.62748
0.604001
0.608909
0.679678
0.631522
0.660145
0.699186
0.645054
0.681466
0.67487
0.675668
0.663493
0.660233
0.62747
0.643627
0.701169
0.590445
0.672033
0.621057
0.688286
0.677215
0.658296
0.630481
0.684834
0.678668
0.648814
0.611219
0.654313
0.641429
0.628349
0.652799
0.64867
0.665653
0.673116
0.667021
0.652873
0.692033
0.705205
0.665741
0.667389
0.667321
0.651073
0.666704
0.615147
0.665048
0.661333
0.616411
0.663926
0.645881
0.607778
0.664126
0.638628
0.663803
0.651496
0.68034
0.65147
0.653745
0.65119
0.625266
0.643614
0.644771
0.663155
0.599921
0.648149
0.666527
0.62617
0.636551
0.625553
0.662957
0.637601
0.674926
0.667041
0.68268
0.628795
0.63645
0.694608
0.678698
0.691654
0.689623
0.690533
0.65579
0.639242
0.64993
0.635514
0.653169
0.66718
0.687089
0.701594
0.655756
0.66332
0.663578
0.647694
0.677447
0.64515
0.624794
0.627828
0.625442
0.596474
0.674519
0.629766
0.675353
0.699786
0.672128
0.686648
0.639735
0.704332
0.645613
0.659296
0.656429
0.594517
0.664156
0.656513
0.644805
0.648425
0.630475
0.676785
0.669073
0.646405
0.635411
0.637013
0.622791
0.628938
0.674624
0.655057
0.652266
0.669465
0.668257
0.640195
0.629785
0.671205
0.668985
0.615695
0.600752
0.689324
0.663079
0.625693
0.631705
0.615841
0.701535
0.631821
0.674406
0.59982
0.612479
0.668786
0.631074
0.656891
0.625062
0.682916
0.606839
0.720296
0.610202
0.655867
0.670315
0.631009
0.721446
0.642136
0.638618
0.661183
0.607872
0.68717
0.672896
0.667209
0.659572
0.660143
0.6569
0.659959
0.664712
0.595384
0.677898
0.623346
0.665846
0.645517
0.689477
0.638631
0.646777
0.593522
0.696661
0.659696
0.641269
0.677172
0.652944
0.658528
0.652063
0.70149
0.672158
0.735316
0.666665
0.631155
0.629367
0.658167
0.639586
0.653965
0.649245
0.648344
0.634309
0.668498
0.601543
0.674429
0.715663
0.585952
0.647742
0.697542
0.592551
0.601966
0.634135
0.669741
0.578696
0.648876
0.686853
0.625431
0.675716
0.630799
0.673071
0.553372
0.646126
0.717172
0.66342
0.695586
0.658894
0.648143
0.607934
0.698228
0.618865
0.659347
0.610892
0.645847
0.626534
0.694472
0.668724
0.675839
0.731608
0.657812
0.667916
0.680966
0.639443
0.6422
0.587847
0.635356
0.55071
0.679194
0.642805
0.573942
0.652413
0.599326
0.619185
0.640201
0.622054
0.660615
0.667683
0.660907
0.693594
0.59342
0.624044
0.702862
0.701478
0.621359
0.666757
0.629919
0.737687
0.662546
0.577486
0.615011
0.623797
0.695443
0.610441
0.656576
0.683951
0.668603
0.675538
0.623285
0.698936
0.586231
0.645054
0.599184
0.665735
0.648812
0.640698
0.685716
0.593036
0.591946
0.605497
0.611211
0.638671
0.668512
0.641014
0.607029
0.601581
0.655221
0.59289
0.721196
0.607193
0.637224
0.612065
0.665358
0.614558
0.656967
0.610984
0.642933
0.61683
0.711656
0.673257
0.63588
0.680016
0.609424
0.651846
0.63172
0.637858
0.663352
0.669225
0.612163
0.592728
0.600756
0.648891
0.67318
0.607935
0.620233
0.645133
0.648552
0.590811
0.671764
0.729319
0.605787
0.647857
0.671574
0.587922
0.619597
0.67469
0.685702
0.676033
0.595607
0.680374
0.641553
0.613227
0.663764
0.625263
0.634498
0.638498
0.667287
0.615263
0.618271
0.654552
0.565071
0.634232
0.670049
0.681334
0.613099
0.692828
0.66447
0.653999
0.612405
0.711291
0.595472
0.662439
0.605854
0.587423
0.617934
0.601976
0.684176
0.621044
0.629367
0.610248
0.693276
0.626847
0.618969
0.683765
0.662208
0.598814
0.705633
0.657603
0.624575
0.668504
0.617431
0.671184
0.619301
0.655973
0.690653
0.623543
0.675465
0.586934
0.710699
0.672893
0.711755
0.672631
0.719979
0.711713
0.692807
0.646438
0.594525
0.672943
0.73315
0.616747
0.675867
0.588783
0.59683
0.60929
0.603096
0.638451
0.635139
0.682483
0.654209
0.655815
0.657752
0.648253
0.643792
0.579609
0.655271
0.692285
0.630504
0.686707
0.646149
0.627261
0.667734
0.576278
0.664614
0.615193
0.657673
0.632275
0.692566
0.654359
0.657206
0.684385
0.669199
0.665049
0.673477
0.701569
0.681006
0.593185
0.584351
0.670673
0.629042
0.623977
0.621847
0.635937
0.631688
0.634181
0.52856
0.602369
0.585776
0.680206
0.64354
0.601722
0.682217
0.656961
0.638375
0.664626
0.603593
0.648499
0.677347
0.61861
0.659999
0.639458
0.610432
0.626332
0.599915
0.621331
0.540907
0.551227
0.630095
0.629734
0.643271
0.71119
0.641168
0.674189
0.61622
0.572635
0.588592
0.630739
0.6501
0.593385
0.669312
0.676491
0.673768
0.602057
0.641832
0.626274
0.584187
0.654523
0.666376
0.582033
0.696681
0.626747
0.643109
0.659346
0.567416
0.583132
0.686114
0.662977
0.700328
0.603345
0.591311
0.661758
0.639958
0.690605
0.691671
0.700558
0.667361
0.628326
0.576041
0.617071
0.667159
0.716923
0.692604
0.691716
0.654783
0.678408
0.646674
0.704284
0.66087
0.648268
0.641334
0.571184
0.633296
0.567549
0.637834
0.629051
0.630642
0.635822
0.718961
0.655952
0.570124
0.631062
0.620894
0.733
0.662279
0.696878
0.681826
0.662513
0.642568
0.675854
0.696779
0.687533
0.689501
0.632958
0.691592
0.62718
0.630123
0.64147
0.623779
0.60589
0.580627
0.698302
0.600404
0.680729
0.611159
0.697817
0.70931
0.630733
0.632799
0.645517
0.550992
0.569947
0.743684
0.596908
0.666376
0.691133
0.651755
0.651745
0.704334
0.680731
0.66907
0.573085
0.625843
0.715729
0.684242
0.709626
0.584478
0.699352
0.673426
0.633549
0.605687
0.682628
0.619622
0.647729
0.663934
0.617478
0.591585
0.577639
0.564881
0.616491
0.634262
0.701397
0.63639
0.636638
0.622517
0.672377
0.572437
0.631573
0.729548
0.559878
0.698389
0.739682
0.621958
0.645343
0.63492
0.617731
0.534255
0.546066
0.632137
0.683204
0.597344
0.688695
0.574116
0.694129
0.640407
0.673028
0.659061
0.583452
0.688221
0.59746
0.73533
0.646951
0.720644
0.704065
0.628338
0.637785
0.661467
0.678853
0.570356
0.6472
0.68388
0.639474
0.679886
0.619511
0.647014
0.657377
0.580953
0.683827
0.668833
0.713418
0.584655
0.628144
0.73275
0.692231
0.658082
0.635548
0.603803
0.554423
0.6442
0.655097
0.594406
0.610066
0.610247
0.675517
0.627006
0.574525
0.559539
0.716788
0.674842
0.632692
0.760112
0.641729
0.650747
0.642611
0.632381
0.624936
0.538252
0.636856
0.771198
0.655011
0.660424
0.709418
0.733608
0.623106
0.7293
0.545558
0.569979
0.603731
0.621265
0.558229
0.670148
0.621848
0.539142
0.614254
0.827499
0.620601
0.683357
0.587543
0.598539
0.626491
0.66085
0.604025
0.66859
0.568696
0.640088
0.708592
0.614335
0.632592
0.593294
0.663242
0.630955
0.717403
0.641749
0.580714
0.622267
0.629174
0.605097
0.56615
0.62484
0.646905
0.701996
0.550569
0.602853
0.67949
0.705756
0.610436
0.658471
0.682417
0.550451
0.561207
0.725879
0.703333
0.631576
0.761568
0.579007
0.597942
0.669662
0.586257
0.697937
0.563417
0.579586
0.673891
0.568787
0.673179
0.595604
0.664758
0.653223
0.654778
0.677891
0.607753
0.68021
0.654771
0.632127
0.668651
0.552644
0.743096
0.668832
0.565087
0.643676
0.740373
0.569969
0.686612
0.649029
0.69705
0.68119
0.693537
0.582408
0.621906
0.585285
0.666359
0.615746
0.637133
0.640079
0.622283
0.680665
0.592473
0.610647
0.684256
0.767427
0.654387
0.632791
0.807197
0.731293
0.696785
0.56946
0.697107
0.730015
0.536527
0.687995
0.505711
0.579571
0.706471
0.573307
0.709624
0.592963
0.632802
0.626248
0.633239
0.575345
0.648147
0.593927
0.7382
0.693218
0.594382
0.634708
0.584261
0.678952
0.647282
0.626837
0.583525
0.488154
0.621708
0.72524
0.716084
0.666282
0.634644
0.587132
0.658609
0.576997
0.589129
0.635567
0.732195
0.663707
0.649135
0.758287
0.665859
0.49073
0.690412
0.679912
0.51193
0.612488
0.615472
0.611287
0.605828
0.593872
0.53665
0.679103
0.570099
0.674818
0.698805
0.620539
0.714447
0.581924
0.563836
0.587881
0.664444
0.606598
0.631636
0.654623
0.706406
0.694717
0.642878
0.628591
0.602565
0.655581
0.597049
0.702342
0.59339
0.662971
0.585895
0.742221
0.561014
0.683549
0.719393
0.574874
0.636249
0.659523
0.606192
0.517271
0.764025
0.664069
0.638937
0.886939
0.782048
0.688334
0.676918
0.654022
0.769803
0.628232
0.672121
0.773723
0.659852
0.714427
0.660164
0.593283
0.651838
0.541264
0.568187
0.827476
0.661261
0.641485
0.567659
0.676132
0.618097
0.73454
0.616633
0.631159
0.631856
0.591409
0.44911
0.824175
0.707012
0.621643
0.496362
0.736999
0.604654
0.594973
0.663866
0.561045
0.44414
0.622139
0.682974
0.61716
0.769474
0.718961
0.694856
0.77553
0.756993
0.988832
0.677376
0.812453
0.576219
0.563675
0.76611
0.826287
0.589267
0.68664
0.591307
0.520467
0.677063
0.519145
0.677963
0.580169
0.561103
0.694861
0.622421
0.519291
0.759237
0.673367
0.52429
0.662662
0.557777
0.622093
0.649974
0.522042
0.655781
0.677249
0.568104
0.626715
0.723311
0.74862
0.59732
0.669461
0.690975
0.624737
0.656505
0.641035
0.67052
0.630704
0.704811
0.760881
0.668059
0.539518
0.570492
0.596921
0.675167
0.640847
0.602685
0.624993
0.713589
0.614049
0.570933
0.580587
0.642813
0.761286
0.615728
0.557733
0.847086
0.508222
0.608117
0.610067
0.694608
0.71758
0.67904
0.556277
0.762599
0.778339
0.502079
0.612022
0.787083
0.589461
0.615591
0.621627
0.698103
0.647323
0.747592
0.709851
0.561658
0.554548
0.710591
0.620641
0.664532
0.624958
0.752093
0.683483
0.600042
0.738581
0.707357
0.617124
0.60266
0.753222
0.685308
0.617973
0.65599
0.691886
0.673465
0.822654
0.773115
0.517916
0.672012
0.823544
0.668283
0.589322
0.444345
0.587122
0.694653
0.645888
0.662947
0.686094
0.724465
0.52825
0.631008
0.637409
0.58327
0.79919
0.618457
0.656524
0.535487
0.649432
0.62125
0.677488
0.450076
0.49902
0.611424
0.544444
0.546306
0.608561
0.571518
0.738556
0.708278
0.61932
0.61441
0.665949
0.531614
0.83119
0.689349
0.665203
0.647385
0.728332
0.661237
0.629584
0.567323
0.808193
0.66272
0.431198
0.553295
0.648382
0.926173
0.645322
0.637851
0.760429
0.615663
0.596193
0.741154
0.621755
0.598607
0.665016
0.599745
0.713004
0.817626
0.666044
0.63757
0.488386
0.623349
0.675303
0.527535
0.701956
0.580395
0.517865
0.621716
0.634938
0.412284
0.570159
0.655363
0.62147
0.729392
0.40158
0.63784
0.818328
0.844049
0.659843
0.598669
0.578345
0.446577
0.517129
0.449277
0.599464
0.50813
0.536511
0.597434
0.557736
0.684019
0.530275
0.723907
0.444369
0.787852
0.735845
0.749821
0.67162
0.559294
0.666733
0.805072
0.510615
0.530494
0.710945
0.521346
0.442813
0.526635
0.626859
0.799273
0.668075
0.67548
0.859843
0.520943
0.562233
0.473256
0.632938
0.52392
0.397046
0.608516
0.539702
0.578159
0.529225
0.640879
0.635651
0.524794
0.682564
0.859701
0.649519
0.657923
0.41456
0.680168
0.561756
0.526452
0.691471
0.579633
0.699835
0.833449
0.740537
0.488235
0.595864
0.666144
0.649181
0.51478
0.645468
0.464246
0.62487
0.332935
0.603286
0.604201
0.590603
0.66188
0.61574
0.577975
0.759489
0.635163
0.739613
0.543755
0.564647
0.741062
0.396775
0.722643
0.527808
0.707283
0.442677
0.830843
0.687476
0.546608
0.621127
0.604949
0.682939
0.589015
0.834933
0.462076
0.57741
0.846108
0.59865
0.677899
0.573552
0.631645
0.562936
1.15306
0.658306
0.488743
0.626363
0.682078
0.56838
0.835568
0.684971
0.71937
0.695978
0.70125
0.805688
0.718655
0.712593
0.706855
0.743437
0.571473
0.674894
0.486382
0.719619
0.688887
0.622781
0.860543
0.858587
0.632179
0.621425
0.857332
0.940855
0.598875
0.526497
0.769279
0.523678
0.666163
0.468958
0.649025
0.560768
0.541279
0.733259
0.670602
0.515914
0.588128
0.544551
0.852795
0.508165
0.823435
0.760595
0.767129
0.502958
0.673438
0.650535
0.577741
0.791217
0.56409
0.559824
0.714452
0.575636
0.235011
0.500168
0.696044
0.570986
0.460214
0.71474
0.794296
0.673563
0.62803
0.696755
0.579988
0.670214
0.719212
0.74332
0.313312
0.715731
0.751683
0.619645
0.759212
0.482653
0.44413
0.504912
0.626565
0.492885
0.565715
0.661078
0.588605
0.490551
0.659153
0.763866
0.725519
0.509367
0.699498
0.734244
0.454102
0.709617
0.481237
0.540211
0.667372
0.683394
0.527669
0.657923
0.626362
0.566216
0.656766
0.615489
0.507821
0.644184
0.649672
0.517946
0.655142
0.526352
0.623246
0.464
0.639128
0.727987
0.554995
0.538076
0.638102
0.836929
0.75149
0.909552
0.463233
0.670204
0.660255
0.674664
0.506399
0.589848
0.497932
0.553538
0.67509
0.55425
0.515067
0.583569
0.684691
0.582934
0.581419
0.489033
0.51627
0.723087
0.709993
0.440886
0.70192
0.767267
0.711145
0.718325
0.754415
0.722109
0.743146
0.831333
0.638461
0.822828
0.788459
0.550012
1.1924
0.617646
0.829255
0.57083
0.476046
0
0.640354
0.62195
0.784551
0.583674
0.443774
0.80804
0.7784
0.569004
0.574952
0.847538
0.718764
0.527206
1.21301
0.525515
0.492163
0.606463
0.490854
0.56143
0.70484
0.656565
0.687103
0.474056
0.689583
0.922779
0.672928
0.894951
0.738081
0.755539
0.70758
0.379031
0.673287
0.530926
0.549647
0.918277
0.782142
0.566702
0.537748
0.726036
0.561923
0.722453
0.735267
0.590707
0.335118
0.5399
0.574191
0.518694
0.794225
0.526601
0.760009
0.573786
0.508845
0.402744
0.467404
0.825399
0.6333
0.621472
0.908906
0.696397
0.532698
0.570935
0.772659
0.654399
0.579849
0.442797
0.829924
0.706801
0.552426
0.610441
0.514591
0.744579
0.526074
0.509996
0.434707
0.46091
0.518121
0.591082
0.379766
0.689396
0.755466
0.75266
0.616988
0.783937
0.729199
0.626877
0.368971
0.592308
0.703884
0.583415
0.725257
0.728098
0.88312
0.576308
0.707441
0.809638
0.44688
0.608993
0.491717
0.45784
0.616828
0.7388
0.666451
0.746364
0.568312
0
0.61183
0.726966
0.726206
0.74531
0.790502
0.541906
0.69835
0.400425
0.540551
0.656197
0.798089
0.650018
0.567349
0.6272
0.371589
0
0.525143
0.790025
0.62181
0.539039
0.699332
0.917473
0.434754
0.535045
0.793942
0.884546
0.661523
0.816134
0.842495
0.678518
0.491612
0.445106
0.767557
0.628387
0.892276
0.575575
0.374796
0.566218
0.5741
0.690853
0.44968
0.425433
0.550624
0.624613
0.412952
0.540734
0.772345
0.488756
0.709314
1.68806
0.813156
0.828073
0.565415
0.303301
0.567327
0.752756
0.561957
0.973321
0.506755
0.81566
0.610857
0.652583
0.557494
0.660371
0.580473
0.748289
0.587013
0.628241
0.564936
0.951088
0.611077
0.712838
0.763506
0.934515
0.615283
0.407748
0.397428
0.532788
0.743519
0.945341
0.519474
0.477435
0.924538
0.406251
0.705188
0.583416
0.368492
0.550868
0.992721
0.843725
0.635708
0.348713
0.737793
0.531214
0.633629
0.565525
0.63371
0.720419
0.535395
0.583805
0.441682
0.617275
0.64506
0.661666
0.497261
0.560084
0.54775
0.562288
0.670551
1.16615
0.777244
0.708567
0.550326
0.731623
0.361329
0.497938
0.988077
0.486379
0.502542
0.5096
0.48734
0.71148
0.460968
0.473609
1.14781
0.822509
0.609722
0.501926
0.923443
1.30607
0.638803
0.835322
0.700469
0.815898
0.692098
0.741687
0.60374
0.539764
0.35531
0.611853
0.378416
1.17491
0.467155
0.724558
0.850815
0.559838
0.478489
0.705184
0.678519
0
0.577887
0.7903
0
0.702705
0.29606
0.901551
0.576543
1.11685
0.482577
0.635248
0.541195
0.463527
0.511102
0.579912
0.736208
0.509655
0.621478
0.615623
0.47354
0.922143
0.851969
0.650702
0.644101
0.853641
0.496485
0.618214
0.741841
0.972425
0.484257
0.909388
0.690915
0.456595
0.605276
0.501043
1.13748
0.803884
0
0.735148
0.574593
0.734245
0.523557
0.507876
0.619314
0.490705
0.392714
0.544511
0.298436
0
0.712437
0.687697
0.701755
0.673471
0.650737
0.788715
0.702235
0.541001
0.779466
0.48449
0.868695
0.983708
0.41428
0.725983
0.691394
0
0.552148
0
0.490333
0.881581
0.684552
0.495711
0.622619
0.810344
0.369563
0.847419
0.610007
0.833111
0.556031
0.521254
0.351951
0.913929
0.521634
0.53446
0.368939
0.594632
0.782189
0.52333
0
0.806349
0
0.948294
0.835781
0.46446
0.658907
0.514058
0.84956
0.456535
0.842682
0.678596
0.730479
0.529696
0.413963
0.656764
0.936441
0.314073
0.562828
0.416565
0.489607
0.296534
0.630347
0.67027
0.484586
0.417397
0.738664
0.614914
0.816468
0.698074
0.657711
0.75472
0.548914
0.160511
0.560026
0.612604
0.459714
0.643898
0.721729
0.585108
0.538402
0.634222
0
0.468816
0.686965
0.389172
0
1.86537
0.427925
0.664633
1.49136
0.832625
0.616251
0
0.384292
0
0.915267
0.363528
0.98476
0.565026
1.14356
0.457413
0.673426
0
0.774627
0.489261
0.732999
0.484557
1.26793
0.510644
0.56038
1.07291
0.478637
0.486914
0.346513
0.996786
0.829175
0.584671
0.883501
0.696031
0
0.460624
0
0.550643
0
0.83072
0.312052
0.378393
0.603653
0.374203
0.589911
0.43801
1.38226
0.394473
0.62982
1.40759
1.02581
0.726637
0.695432
0.70462
0.815686
0.63595
0
0.604128
0.574471
0
1.09395
1.01055
0.464979
0.539479
0.925588
0.462975
0.488042
0.811433
0.411347
0
0
1.02867
0
0.52514
0.488652
0.784271
0
0.477669
0.843659
0.533287
0.605172
0.623878
0
1.06832
0.268197
2.15307
0.442826
0.325398
0.608262
0.938923
1.10308
0.592534
1.06571
0.52032
0
0.263569
0
0.322705
1.28636
0.755179
0.445797
1.27294
0
1.1572
1.37164
0.768306
0.706062
0.80211
0.680107
0.543931
0.596554
0.3902
0.534367
0.295508
0.62822
0.571461
0.680314
0.385359
0.564116
0.670382
0.656863
0
0
0.572127
0
0.380096
0.857747
0.645707
0.200221
0
0.530566
0.523153
0.939679
0
0.613206
0.755313
0
0.332767
0.297696
0.705499
0
0.80508
1.30945
0.767332
0.628141
0.269756
1.23043
1.26272
0.482677
0
0
1.14759
0.568613
0
0
0
0.848557
0
0
0.195285
1.19269
0.739923
0.661647
0.558173
0.434852
0
0.640342
0.242408
0.713518
0.748218
0.743994
1.03219
0.635053
0.322137
0
0.269574
0
0.611191
0.435485
0.360884
0
0
0
0.360214
0
0
0.521135
0
0.579533
0.600063
1.10231
0.27864
0.564531
0
0.684537
0
0
1.10156
1.01703
1.38726
0.447972
0.997072
0.37501
0
0.481823
0
0.47041
0.616827
0
0.600561
0.687512
0.498662
0.766591
0.557132
0.739534
0.842029
0.490344
1.05054
0.437155
0.620307
0.461132
0.84332
0.611578
0
0.614064
0.444663
0
0
1.06016
0.487603
0.366271
0
0.919371
0.771644
0.592821
0
0.896963
0
0
0.433417
0.573601
0
0.525667
0.290736
0.770392
0
0.79313
0.64834
0
0.664831
0.891764
0.615188
0.667873
0.950506
0.557164
1.01595
0
0
0
0.580652
0.63475
0.110113
0.307448
0
0
0.600014
0.607811
0
1.26973
0.191259
0
0.519191
0.608046
1.0141
0
0
1.65722
0
0.827227
0
0.912566
0.421063
1.32189
0.618066
0
0
0
0.437729
1.34818
0.649436
0.501499
0.586498
0.662409
0.46425
0
0.364125
0.733432
0.482848
0
0.598079
0.438751
0
0.395665
0
0
0.340712
0.498261
0.671863
0.432211
0
0
0.85764
0
1.64536
0.643236
0
0
0.621657
0.655758
0.497592
1.51407
0
0
0
0.705701
0.442943
0.287845
0
1.43078
0.293086
0.979345
0.549503
0
0
0
0.672512
2.10608
1.31339
0.893919
0.276109
0.755985
0
0.431144
0.722066
0.261485
0.269387
0.65497
0.510699
0
0.519475
0.766234
0
0
0.456473
0.54906
0.702873
1.45441
0.352799
0.413504
0.310653
0.60925
0.70416
0.454663
0
0
0.70192
1.09683
0
0.436471
0.692658
0
0
0
0.272595
0.31298
0.52788
0
0.445806
0.897732
0.403473
0
0
0
0.797559
0.580889
0.381155
0
0.835922
0.851408
0
0.618294
0.420107
0.730301
0.301274
0
0
0.341191
0.423437
0.498851
0.361864
0.235018
0
0
0.529606
0.929111
0.421416
0.282745
0.920663
0.619035
0
0.858426
0
0
0
0.753477
0.472063
0
0.981575
0
0.917507
1.36466
0.185935
0
0
0.641832
0
0
0
0
0
1.6364
0
0.404305
0.360308
0.366455
0
1.07972
0
0
0.303558
1.27072
0
0
0
0.561414
0
0
0
0.710255
0.934171
0
0
0
0
0
0.70935
0
0.914435
0
0.30004
0
0.677507
0
0
0.567321
0
0.80195
0
0.758587
0
0
0.958186
0.614614
1.1952
0.866033
0.819083
0.642643
0.691299
0
0
0
0
0.611149
1.00905
0.795143
0.234071
0.538083
0
0
0
0.229419
1.11048
0.885805
0
0.328402
0.614823
0.74914
0
1.43564
0.302066
0.376368
0.768043
0.864473
0
0.626682
0.432822
0
0
0.319462
0.69355
0.500772
0.447495
1.30933
0
0
0
0
0.462953
0.846223
0.259588
0.247126
0
0.542437
0
0
0
0
0.542235
0
0.697348
0.17776
0
0
0
0.504778
0
0.666266
0.836117
0.800488
0.591278
0.887202
0.586834
0
0
0
0.303428
0
0
1.09509
0
0
0
0
1.29663
0
1.43028
0.197687
0.565191
0
0
0
0
0.23842
0.485699
0
0
0
0.707278
0
0.787504
0
1.61294
0
0
0.899225
0
0
0
0
0
0.665266
0
0
0
0
0
0
0.906456
0
0
1.04832
0
0
0.580414
0
0.628562
0.63592
0
0
0
0
1.0131
0.555703
0.788431
0
0.561881
0
0
0
0
0.634073
0.685985
0
0.876068
0.581868
0
0.424935
0
0.708804
0.941607
0.364675
0.497822
1.07529
0
0.214243
0
0
0
0.879767
0.20313
1.2194
0
0.852898
0
0.721529
0
0
0
0.420058
0.387655
0
0
0
0
0
0.282611
1.03505
0
0.271136
0
0.441031
0
0
0
0
0.838105
0
0.341712
0.348686
0
0
0
0
0.574735
0
0
0
0
0.886958
0
0
0
1.52621
0.535711
0
0
0
0
0
0
0.329454
0
0.402677
0
0
0
0.343387
0
0
0.451746
0
0
0
0
0
0.843626
0
0
0
1.66563
0
0
0
0
0.42467
0
0.377243
0
0
0
0
0.468126
0.584159
0
0
0
0.544817
0.589319
0
0
0
0
0
0
1.88925
0
0
0.328739
0.775534
0
0.535172
0.712047
0
0
0.354818
1.34105
0
0.319005
0
0
0.652971
0
0.162501
0
0.26416
0
0
1.17726
0
0.72867
1.01276
1.31627
0
0
0
0
0.756909
0
0
0
0
0.295261
0
0
0
0
0.888763
0.475459
0.685095
0
0.882457
0
0.912185
0
0
0
0.551017
0
0.605899
0
0.727524
0
0
0.847337
0.910192
0
0
0
0
0.273168
0
0
0
0
0.503071
0.369466
0
0
0
0
0
0
0
0
0
0
0
0
0
0
0
0
0.430397
0.599984
0
0
0.105353
0
0.546665
0
0
0
0
0
0.620659
0
0
0
1.60684
0
0.495729
0
0.371246
0
0.747477
0
0
0
0
0
0
0
0
1.50222
0
0.983052
0
0
0
0
0
0
0.669455
0
0
0.832344
0.962085
0
0.518127
0
0
0.912288
0
0.427499
0
0
0.501914
0
0
0.715016
1.12226
0
0
0
0
0.7806
0.639411
0
0
0
0.314301
0
0
0
0
0
0.27273
0
1.30289
0
0
0
0
0
0.431019
0
0
0
0
0.28229
0.450358
0
0.475367
0
0
0
0.377745
0
0.712732
0
0
0.454487
0.585526
0
0
0
0
0
0
0
0
0
1.40975
0
0
0
0
0
0
0
0
0
0
0
0.422281
0
0
0
0
0.306077
0
0
0
0
1.2448
0
0
0.456665
0
0
0
0
0
1.57572
0
0
0
0
0
0
1.36314
0
0.927124
0
0.587116
0
0.767326
0.664549
0
0.495209
0
0
0
0
0.729725
0
0
0
0
0
0
0
0
0
0.453281
0
0
0
0
0
0
0
0
0.326985
0
0.273712
0
0
0
0
0
0
0
0
0
0.694926
0.961186
0.587033
0
0
0
0
0
1.31929
0
0
0
0
0
0
0
0
0
0
0
1.5266
0.812923
0
0.669598
0
1.05898
0
0
0.432509
0
0
0
0.267131
0
0
0
0
0
0
0.656091
0
0
0
1.68724
0
0.840256
0
0
0
0
0.570283
0
0
0
0.561654
0
0.477632
0.56593
0
0
0
0
0
0
0.695113
0.523769
0
0
0
0
0.558744
0
0.892442
0
0.803672
0
0
0
0
0
0
0
0
0
0
0
0
0
0
0.60385
0
0
0
0
0
0
0
0.752688
0
0
0.388137
0
0
0
0
0
0.676632
0.197321
0
0.58901
0
0
0
0
0
0
0.343479
0
0
0
0
0
0.548035
0
0.650686
0
0
0
0
0
0
0
0
1.10064
0
0
0
0
0.537635
0
0
0
0
0.537691
0
0
0.655098
0
0
0
0
0.490886
0
0.583053
0
0
0
0
0
0
0.503727
0
0
0
0
0
0
0.457508
0
0
0
0
0
0
0
0
0
0
0
0
0.598971
0
0.536978
0
0
0
0
0
0
0
0
0
0
0
0
0
0
0
0
0.984999
0
0
0
0
0.562383
0
0
0
0
0
0
0.575208
0
0.459035
1.99999
0
0
0
0
0.518548
0
0.510897
0
1.1934
0
0
0
0
0
0
0
0
0
0
0
0.59488
0
0
0
0
0.692237
0
0
0
1.84721
0
0
0.718727
0
1.26976
0
0
0
0
0
0
0
0
0
0
0
0
1.51864
0
0
0.627085
0.383818
0
0
0
0
0
0
0
0
0
0
0
0
0
1.18703
0
0
0
0
0
0
0.940631
0
0
0
0
0
0
0
0
0
0
0.170556
0
0
0
0
0
0
0
0.863834
0.369991
0
0
0
0
0.754718
0
0
0
0
0
0
0
0
0.667731
0
0.567444
0
0
0
0
0
0
0
0
0
0
0
0
0
0
0
0
0
0.43713
0.807325
0
0
0
0
0
0
0
0
1.1142
0
0
0
0
0
0
0
0
0
0.599584
0
0
0
0
0
0
0
0
0
0
0
0
0
0
0
0
0
0
0
0
0
0
0.254185
0
0
0
0
0
0
0
0
0
0
0
0
0
0
0
0
1.02899
0
0
0
0
0
0
0
0
0.370628
0
0
0
0
0
0
0
0
0.406973
1.04773
0
0.354384
0
0
0
0
0
0
0
0
0
0
0
0
0
0
0
0
0
0
0
0
0
0.623957
0
0
0
0
0
0
0
0
0
0
0
0
0
0
0
0
0
0
0
0
0
0
0
0
0
0
0
0.268612
0
0
0
0
0
0
0
0
0
0
0
0
0
0
0
0
0
0
0
0
0.548999
0.513949
0.59773
0
0
0
0
0
0
0
0
0.470632
0
0
0.519612
0
0
0
0
0
0
0
0
0
0
0
0
0.605441
0
0
0
0
0
0.524127
0
0
0
0
0
0
0
0
0
0
0
0
0
0
0.359724
0
0
0
0
0.672724
0
0
0
0
0
0
0
0
0
0
0
0
0
0
0
0
0
0.537697
0
0.903355
0
0
0
0
0
0
0
0
0
0
0
0
0
0
0
0
0
0
0
0
0.44092
0
0
0
0
0
0
0
0
0
0
0
0
0
0
0
0
0
0
0
0
0
0
0
0
0
0
0
0
0
0
0
0
0
0
0
0
0
0
0
0
0
0
0
0
0
0
0
0
0
0
0
0
0
0
0
0
0
0
0
0
0
0
0
0
0
0
0
0
0.574986
0.616279
0
0
0
0
0
0
0
0
0.809542
0
0
0
0
0
0
0
0
0
0
0
0
0
0
0
0
0
0
0
0
0
0
0
0
0
0
0.822177
0
0
0
0
0
0
0
0
0
0
0.420986
0
0
0
0
0
0
0
0
0
0
0
0
1.32177
0
0
0.411275
0
0
0
0
0
0
0
0
0
0
0
0
0
0
0
0
0
0
0
0
0
0
0
0
0
0
0
0
0
0
0
0
0
0
0
0
0
0
0
0
0
0
0
0
0
0
0
1.29746
0
0
0
0
0
0
0
0
0
0
0
0
0
0
0
0
0
0
0
0
0
0
0
0
0
0
0
0
0
0
0.996841
0
0
0
0
0.390611
0
0
0
0
0
0
0
0
0
0
0
0
0
0
0.77028
0
0
0
0
0
0
0
0
0
0
0
0
0
0
0
0
0
0
0
0
0
0
0
0
0
0
0
0.0955446
0
0
0.118023
1.11807
1.19458
0
0.907576
0
0.533815
0
0
0
0
0
0
0
0
0.503463
0
0
0
0
0
0
0
0
0
0
0
0
0
0
0
0
0
0
0
0
0
0
0
0
0
0
0
0
0
0
0
0
0.454733
0
0
0
0
0
0
0
0
0
0
0
0
0
0
0
0.31405
0
0
0
0
0
0
0
0
0
0
0
1.72667
0
0
0
0
0
0
0
0
0
0
0.825486
0
0
0
0
0
0
0
0
0
0.376125
0
0
0
0
0
0
0
0
1.87588
0
0
0
0
0
0
0
1.39225
0
0
0
0
0
0
0
0
0
0
0
0
0
0
0
0
0
0
0
0
0
1.32652
0
0
0
0
0
0
0
0
0
0
0
0
0
0
0
0.831229
0.399811
0
0
0
0
0
0
0
0
0
0
0
0
0
0
0
0
0
0
0
0
0
0
0
0
0
0
0
0
0
0
0
0
0
0
0
0
0
0
0
0
0
0
0
0
0
0
0
0
0
0
0
0
0
0
0
0
0
0
0
0
0
0
0
0
0
0
0
0
0
0
0
0
0
0
0
0
0
0
0
0
0
0
0
0
0
0
0
0
0
0
0
0
0
0
0
0
0
0
0
0
0
0
0
0
0
0
0
0
0.334833
0
0
0
0
0.709842
0
0
0
0
0
0
0
0
0
0
0
0
0
0
0
0
0
0
0
0
0
0
0
0
0
0
0
0
0
0
0
0
0
0
0.574975
0
0.626646
0
0
0
0
0
0
0
0
0
0
0
0
0
0
0
0
0
0
0
0
0
0
0
0
0
0
0
0
0
0
0.494753
0
0
0
0
0
0
0
0
0
0
0
0
0
0
0
0
0
0
0
0
0
0
0
0
0.464104
0
0
0
0
0
0
0
0
0
0
0
0
0.282896
1.00486
0
0
0
0
0
0
0
0
0.317102
0
0
0
0
0
0
0
0
0
0
0
0
0
0
0
0
0
0
0
0
0
0
0
0
0
0
0
0
0
0
0
0
0
0
0
0
0
0
0
0
0
0
0
0
0
0
0
0
0
0
0
0
0
0
0
0
0
0
0
0
0
2.02325
0
0
0
0
0
0
0
0
0
0
0
0
0
0
0
0
0
0
0
0
0
0
0
0
0
0
0
0
0
0
0
0
0
0
0
0
0
0
0
0
0
0
0
0
0
0
0
0
0
0
0
0
0
0
0
0
0
0
0
0
0
0
0
0
0
0
0
0
0
0
0
0
0
0
0
0
0
0
0
0
0
0
0
0
0
0.912868
0
0
2.16224
0
0
0
0
0
0
0
0
0
0
0
0
0
0
0
0
0
0
0
0
0
0.659577
0
0
0
0
0
0
0
0
0
0
0
0
0
0
0
0
0
0
0
0
0
0
0
0
0
0
0
0
0
0
0
0
0
0
0
0
0
0
0
0
0
0
0
0
0
0
0
0
0
0
0
0
0
0
0
0
0
0
0
0
0
0
0
0
0
0
0
0
0
0
0
0
0
0
1.93679
0
0.882114
0
0
0
0
0
0
0
0
0
0
0
0
0
0
0
0
0
0
0
0
0
0
1.2298
0
0
0
0
0
0
0
0
0
0
0.954762
0
0
0
0
0
0
0
0
0
0
0
0
0
0
0
0
0
0
0
0
0
0
0
0
0
0
0.772489
0
0
0
0
0
0
0
0
0
0
0
0
0
0
0
0
0
0.437733
0
0
0
1.77325
0
0
0
0
0
0
0
0.641466
0
0
0
0
0
0
0
0
0
0
0
0
0
0.609407
0
0
0
0
0
0.270094
0
0
0
0
0
0
0
0
0
0
0
0
0
0
0
0
0
0
0
0
0
0
0
0
0
0
0
0
0
0
0
0
0
0
0
0
0
0
0
0
0
0
0
0
0
0
0
0
0
0
0
0
0
0
0
0
0
0
0
0
0
0
0
0
0
0
0
0
0
0
0
0
0
0
0
0
0
0
0
0
0
0
0
0
0
0
0
0
0
0
0
0
0
0
0
0
0
0
0
0
0
0
0
0
0
0
0
0
0
0
0
1.16497
0
0
0
0
0
0
0
0
0
0
0
0
0
0
0
0
0
0
0
0
0
0
0
0
0
0
0
0
0
0
0
0
0
1.11078
0
0
0
0
0
0
0
0
0
0
0
1.06056
0
0
0
0
0
0
0
0
0
0
0
0
0.510617
0
0
0
0
0
0
0
0
0
0
0
0
0
0
0
0
0
0
0
0
0
0
0
0
0
0
0
0
0
0
0
0
0
0
0
0
0
0
0
0
0
0
0
0
0
0
0
0
0
0
0
0
0
0
0
0
0
0
0
0
0
0
0
0
0
0
0
0
0
0
0
0
0
0
0
0
0
0
0
0
0
0
0
0
0
0
0
0
0
0
0
0
0
0
0
0
0
0
0
0
0
0
0
0
0
0
0
0
0
0
0
0
0
0
0
0
0
0
0
0
0
0
0
0
0
0
0
0
0
0
0
0
0
0
0.0393837
0
0
0
0
0
0
0
0
0
0
0
0
0
0
0
0
0
0
0
0
0
0
0
0
0
0
0
0
0
0
0
0
0
0
0
0
0
0
0
0.299102
0
0
0
0
0
0
0
0
0
0
0
0
0
0
0
0
0
0
0
0
0
0
0
0
0
0
0
0
0
0
0
0
0
0
0
0
0
0
0
0
0
0
0
0
0
0
0
0
0
0
0
0
0
0
0
0
0
0
0
0
0
0
0
0
0
0
0
0
0
0
0
0
0
0
0
0
0
0
0
0
0
0
0
0.390991
0
0
0
0
0
0
0
0
0
0
0
0
0
0
0
0
0
0
0
0
0
0
0
0
0
0
0
0
0
0
0
0
0
0
0
0
0
0
0
0
0
0
0
0
0
0
0
0
0
0
0
0
0
0
0
0
0
0
0
0
0
0
0
0
0
0
0
0
0
0
0
0
0
0
0
0
0
0
0
0
0
0
0
0
0
0
0
0
0
0
0
0
0
0
0
0
0
0
0
0
0
0
0
0
0
0
0
0
0
0
0
0
0
0
0
0
0
0
0
0
0
0
0
0
0
0
0
0
0
0
0
0
0
0
0
0
0
0
0
0
0
0
0
0
0
0
0
0
0
0
0
0
0
0
0
0
0
0
0
0
0
0
0
0
0
0
0
0
0
0
0
0
0
0
0
0
0
0
0
0
0
0.819798
0
0
0
0
0
0
0
0
0
0
0
0
0
0
0
0
0
0
0
0
0
0
0
0
0
0
0
0
0
0
0
0
0
0
0
0
0
0
0
0
0
0
0
0
0
0
0
0
0
0
0
0
0
0
0
0
0
0
0
0
0
0
0
0
0
0
0
0
0
0
0
0
0
0
0
0
0
0
0
0
0
0
0
0
0
0
0
0
0
0
0
0
0
0
0
0
0
0
0
0
0
0
0
0.533997
0
0
0
0
0
0
0
0
0
0
0
0
0
0
0
0
0
0
0
0
0
0
0
0
0
0
0
0
0
0
0
0
0
0
0
0
0
0
0
0
0
0
0
0
0
0
0
0
0
0
0
0
0
0
0
0
0
0
0
0
0
0
0
0
0
0
0
0
0
0
0
0
0
0
0
0
0
0
0
0
0
0
0
0
0
0
0
0
0.339219
0
0
0
0
0
0
0
0
0
0
0
0
0
0
0
0
0
0
0
0
0
0
0
0
0
0
0
0
0
0
0
0
0
0.363281
0
0
0
0
0
0
0
0
0
0
0
0
0
0
0
0
0
0
0
0
0
0
0
0
0
0
0
0
0
0
0
0
0
0
0
0
0
0
0
0
0
0
0
0
0
0
0
0.753261
0
0
0
0
0
0
0
0
0
0
0
0
0
0
0
0
0
0
0
0
0
0
0
0
0
0
0
0
0
0
0
1.76118
0
0
0
0
0
0
0
0
0
0
0
0
0
0
0
0
0
0
0
0
0
0
0
0
0
0
0
0
0
0
0
0
0
0
0
0
0
0
0
0
0
0
0
0
0
0
0
0
0
0
0
0
0
0
0
0
0
0
0
0
0
0
0
0
0
0
0
0
0
0
0
0
0
0
1.15084
0
0
0
0
0
0
0
0
0
0
0
0
0
0
0
0
0
0
0.565243
0
0
0
0
0
0
0
0
0
0
0
0
0
0
0
0
0
0
0
0
0
0
0
0
0
0
0
0
0
0.723243
0
0
0
0
0
0
0
0
0
0
0
0
0
0
0
0
0
0
0
0
0
0.519128
0
0
0
0
0
0
0
0
0
0
0
0
0
0
0
0
0
0
0
0
0
0
0
0
0
0
0
0
0
0
0
0
0
0
0
0
0
0
0
0
0
0
0
0
0
0
0
0
0
0
0
0
0
0
0
0.460618
0
0
0
0
0
0
0
0
0
0
0
0
0
0
0
0
0
0
0
0
0
0
0
0
0
0
0
0
0
0
0
0
0
0
0
0
0
0
0
0.586015
0
0
0
0
0
0
0
0
0
0
0
0
0
0
0
0
0
0
0
0
0
0
0
0
0
0
0
0
0
0
0
0
0
0
0
0
0
0
0
0
0
0
0
0
0
0
0
0
0
0
0
0
0
0
0
0
0
0
0
0
0
0
0
0
0
0
0
0
0
0
0
0
0
0
0
0
0
0
0
0
0
0
0
0.32354
0
0
0
0
0
0
0
0
0
0
0
0
0
0
0
0
0
0
0
0
0
0
0
0
0
0
0
0
0
0
0
0
0
0
0
0
0
0
0
0
0
0
0
0
0
0
0
0
0
0
0
0
0
0
0
0
0
0
0
0
0
0
0
0
0
0
0
0
0
0
0
0
0.673184
0
0
0
0
0
0
0
0
0
0
0
0
0
0
0
0
0
0
0
0
0
0
0
0
0
0
0
0
0
0
0
0
0
0
0
0
0
0
0
0
0
0
0
0
0
0
0
0
0
0
0.480939
0
0
0
0
0
0
0
0
0
0
0
0
0
0
0
0
0
0
0
0
0
0
0
0
0
0
0
0
0
0
0
0
0
0
0
0
0
0
0
0
0
0
0
0
0
0
0
0
0
0
0
0
0
0
0
0
0
0
0
0
0
0
0
0
0
0
0
0
0
0
0
0
0
0
0
0
0
0
0
0
0
0
0
0
0
0
0
0
0
0
0
0
0
0
0
0
0
0
0
0
0
0
0
0
0.813549
0
0
0
0
0
0
0
0
0
0
0
0
0
0
0
0
0
0
0
0
0
0
0
0
0
0
0
0
0
0
0
0
0
0
0
0
0
0
0
0
0
0
0
0
0
0
0
0
0
0
0
0
0
0
0
0
0
0
0
0
0
0
0
0
0
0
0
0
0
0
0
0
0
0
0
0
0
0
0
0
0
0
0
0
0
0
0
0
0
0
0
0
0
0
0
0
0
0
0
0
0
0
0
0
0
0
0
0
0
0
0
0
0
0
0
0
0
0
0
0
0
0
0
0
0
0
0
0
0
0
0
0
0
0
0
0
0
0
0
0
0
0
0
0
0
0
0
0
0
0
0
0
0
0
0
0
0
0
0
0
0
0
0
0
0
0
0
0
0
0
0
0
0
0
0
0
0
0
0
0
0
0
0
0
0
0
0
0
0
0
0
0
0
0
0
0
0
0
0
0
0
0
0
0
0
0
0
0
0
0
0
0
0
0
0
0
0
0
0
0
0
0
0
0
0
0
0
0
0
0
0
0
0
0
0
0
0
0
0
0
0
0
0
0
0
0
0
0
0
0
0
0
0
0
0
0
0
0
0
0
0
0
0
0
0
0
0
0
0
0
0
0
0
0
0
0
0
0
0
0
0
0
0
0
0
0
0
0
0
0
0
0
0
0
0
0
0
0
0
0
0
0
0
0.186454
0
0
0
0
0
0
0
0
0
0
0
0
0
0
0
0
0
0
0
0
0
0
0
0
0
0
0
0
0
0
0
0
0
0
0
0
0
0
0
0
0
0.177013
0
0
0
0
0
0
0
0
0
0
0
0
0
0
0
0
0
0
0
0
0
0
0
0
0
0
0
0
0
0
0
0
0
0
0
0
0
0
0
0
0
0.818852
0
0
0
0
0
0
0
0
0
0
0
0
0
0.366212
0
0
0
0
0
0
0
0.615591
0
0
0
0
0
0
0
0
0
0
0
0
0
0
0
0
0
0
0
0
0
0
0
0
0
0
0
0
0
0
0
0
0
0
0.7628
0
0
0
0
0
0
0
0
0
0
0
0
0
0
0
0
0
0
0
0
0
0
0
0
0
0
0
0
0
0
0
0
0
0
0
0
0
0
0
0
0
0
0
0
0
0
0
0
0
0
0
0
0
0.865928
0
0
0
0
0
0
0
0
0
0
0
0
0
0
0
0
0
0
0
0
0
0
0
0
0
0
0
0
0
0
0
0
0
0
0
0
0
0
0
0
0
0
0
0
0
0
0
0
0
0
0
0
0
0
0
0
0
0
0
0
0
0
0
0
0
0
0
0
0
0
0
0
0
0
0
0
0
0
0
0
0
0
0
0
0
0
0
0
0
0
0
0
0
0
0
0
0
0
0
0
0
0
0
0
0
0
0
0
0
0
0
0
0
0
0
0
0
0
0
0
0
0
0
0
0
0
0
0
0
0
0.223413
0
0
0
0
0
0
0
0
0
0
0
0
0
0
0
0
0
0
0
0
0
0
0
0
0
0
0
0
0
0
0
0
0
0
0
0
0
0
0
0
0
0
0
0
0
0
0
0
0
0
0
0
0
0
0
0
0
0
0
0
0
0
0
0
0
0
0
0
0
0
0
0
0
0
0
0
0
0
0.91243
0
0
0
0
0
0
0
0
0
0
0
0
0
0
0
0
0
0
0
0
0
0
0
0
0
0
0
0
0
0
0
0
0
0
0
0
0
0
0
0
0
0
0
0
0
0
0
0
0
0
0
0
0
0
0
0
0
0
0
0
0
0
0
0
0
0
0
0
0
0
0
0
0
0
0
0
0
0
0
0
0
0
0
0
0
0
0
0
0
0
0
0
0
0
0
0
0
0
0
0
0
0
0
0
0
0
0
0
0
0
0
0
0
0
0
0
0
0
0
0
0
0
0
0
0
0
0
0
0
0
0
0
0
0
0
0
0
0
0
0
0
0
0
0
0
0
0
0
0
0
0
0
0
0
0
0
0
0
0
0
0
0
0
0
0
0
0
0
0
0
0
0
0
0
0
0
0
0
0
0
0
0
0
1.55358
0
0
0
0
0
0
0
0
0
0
0
0
0
0
0
0
0
0
0
0
0
0
0
0
0
0
0
0
0
0
0
0
0
0
0
0
0
0
0
0
0
0
0
0
0
0
0
0
0
0
0
0
0
0
0
0
0
0
0
0
0
0
0
0
0
0
0
0
0
0
0
0
0
0
0
0
0
0
0
0
0
0
0
0
0
0
0
0
0
0
0
0
0
0
0
0
0
0
0
0
0
0
0
0
0
0
0
0
0
0
0
0
0
0
0
0
0
0
0
0
0
0
0
0
0
0
0
0
0
0
0
0
0
0
0
0
0
0
0
0
0
0
0
0
0
0
0
0
0
0
0
0
0
0
0
0
0
0
0
0
0
0
0
0
0
0
0
0
0
0
0
0
0
0
0
0
0
0
0
0
0
0
0
0
0
0
0
0
0
0
0
0
0
0
0
0
0
0
0
0
0
0
0
0
0
0
0
0
0
0
0
0
0
0
0
0
0
0
0
0
0
0
0
0.602179
0
0
0
0
0
0
0
0
0
0
0
0
0
0
0
0
0
0
0
0
0
0
0
0
0
0
0
0
0
0
0
0
0
0
0
0
0
0
0
0
0
0
0
0
0
0
0
0
0
0
0
0
0
0
0
0
0
0
0
0
0
0
0
0
0
0
0
0
0
0
0
0
0
0
0
0
0
0
0
0
0
0
0
0
0
0
0
0
0
0
0
0
0
0
0
0
0
0
0
0
0
0
0
0
0
0
0
0
0
0
0
0
0
0
0
0
0
0
0
0
0
0
0
0
0
0
0
0
0
0
0
0
0
0
0
0
0
0
0
0
0
0
0
0
0
0
0
0
0
0
0
0
0
0
0
0
0
0
0
0
0
0
0
0
0
0
0
0
0
0
0
0
0
0
0
0
0
0
0
0
0
0
0
0
0
0
0
0
0
0
0
0
0
0
0
0
0
0
0
0
0
0
0
0
0
0
0
0
0
0
0
0
0
0
0
0
0
0
0
0
0
0
0
0
0
0
0
0
0
0
0
0
0
0
0
0
0
0
0
0
0
0
0
0
0
0
0
0
0
0
0
0
0
0
0
0
0
0
0
0
0
0
0
0
0
0
0
0
0
0
0
0
0
0
0
0
0
0
0
0
0
0
0
0
0
0
0
0
0
0
0
0
0
0
0
0
0
0
0
0
0
0
0
0
0
0
0
0
0
0
0
0
0
0
0
0
0
0
0
0
0
0
0
0
0
0
0
0
0
0
0
0
0
0
0
0
0
0
0
0
0
0
0
0
0
0
0
0
0
0
0
0
0
0
0
0
0
0
0
0
0
0
0
0
0
0
0
0
0
0
0
0
0
0
0
0
0
0
0
0
0
0
0
0
0
0
0
0
0
0
0
0
0
0
0
0
0
0
0
0
0
0
0
0
0
0
0
0
0
0
0
0
0
0
0
0
0
0
0
0
0
0
0
0
0
0
0
0
0
0
0
0
0
0
0
0
0
0
0
0
0
0
0
0
0
0
0
0
0
0
0
0
0
0
0
0
0
0
0
0
0
0
0
0
0
0
0
0
0
0
0
0
0
0
0
0
0
0
0
0
0
0
0
0
0
0
0
0
0
0
0
0
0
0
0
0
0
0
0
0
0
0
0
0
0
0
0
0
0
0
0
0
0
0
0
0
0
0
0
0
0
0
0
0
0
0
0
0
0
0
0
0
0
0
0
0
0
0
0
0
0
0
0
0
0
0
0
0
0
0
0
0
0
0
0
0
0
0
0
0
0
0
0
0
0
0
0
0
0
0
0
0
0
0
0
0
0
0
0
0
0
0
0
0
0
0
0
0
0
0
0
0
0
0
0
0
0
0
0
0
0
0
0
0
0
0
0
0
0
0
0
0
0
0
0
0
0
0
0
0
0
0
0
0
0
0
0
0
0
0
0
0
0
0
0
0
0
0
0
0
0
0
0
0
0
0
0
0
0
0
0
0
0
0
0
0
0
0
0
0
0
0
0
0
0
0
0
0
0
0
0
0
0
0
0
0
0
0
0
0
0
0
0
0
0
0
0
0
0
0
0
0
0
0
0
0
0
0
0
0
0
0
0
0
0
0
0
0
0
0
0
0
0
0
0
0
0
0
0
0
0
0
0
0
0
0
0
0
0
0
0
0
0
0
0
0
0
0
0
0
0
0
0
0
0
0
0
0
0
0
0
0
0
0
0
0
0
0
0
0
0
0
0
0
0
0
0
0
0
0
0
0
0
0
0
0
0
0
0
0
0
0
0
0
0
0
0
0
0
0
0
0
0
0
0
0
0
0
0
0
0
0
0
0
0
0
0
0
0.682857
0
0
0
0
0
0
0
0
0
0
0
0
0
0
0
0
0
0
0
0
0
0
0
0
0
0
0
0
0
0
0
0
0
0
0
0
0
0
0
0
0
0
0
0
0
0
0
0
0
0
0
0
0
0
0
0
0
0
0
0
0
0
0
0
0
0
0
0
0
0
0
0
0
0.473329
0
0
0
0
0
0
0
0
0
0
0
0
0
0
0
0
0
0
0
0
0
0
0
0
0
0
0
0
0
0
0
0
0
0
0
0
0
0
0
0
0
0
0
0
0
0
0
0
0
0
0
0
0
0
0
0
0
0
0
0
0
0
0
0
0
0
0
0
0
0
0
0
0
0
0
0
0
0
0
0
0
0
0
0
0
0
0
0
0
0
0
0
0
0
0
0
0
0
0
0
0
0
0
0
0
0
0
0
0
0
0
0
0
0
0
0
0
0
0
0
0
0
0
0
0
0
0
0
0
0
0
0
0
0
0
0
0
0
0
0
0
0
0
0
0
0
0
0
0
0
0
0
0
0
0
0
0
0
0
0
0
0
0
0
0
0
0
0
0
0
0
0
0
0
0
0
0
0
0
0
0
0
0
0
0
0
0
0
0
0
0
0
0
0
0
0
0
0
0
0
0
0
0
0
0
0
0
0
0
0
0
0
0
0
0
0
0
0
0
0
0
0
0
0
0
0
0
0
0
0
0
0
0
0
0
0
0
0
0
0
0
0
0
0
0
0
0
0
0
0
0
0
0
0
0
0
0
0
0
0
0
0
0
0
0
0
0
0
0
0
0
0
0
0
0
0
0
0
0
0
0
0
0
0
0
0
0
0
0
0
0
0
0
0
0
0
0
0
0
0
0
0
0
0
0
0
0
0
0
0
0
0
0
0
0
0
0
0
0
0
0
0
0
0
0
0
0
0
0
0
0
0
0
0
0
0
0
0
0
0
0
0
0
0
0
0
0
0
0
0
0
0
0
0
0
0
0
0
0
0
0
0
0
0
0
0
0
0
0
0
0
0
0
0
0
0
0
0
0
0
0
0
0
0
0
0
0
0
0
0
0
0
0
0
0
0
0
0
0
0
0
0
0
0
0
0
0
0
0
0
0
0
0
0
0
0
0
0
0
0
0
0
0
0
0
0
0
0
0
0
0
0
0
0
0
0
0
0
0
0
0
0
0
0
0
0
0
0
0
0
0
0
0
0
0
0
0
0
0
0
0
0
0
0
0.561915
0
0
0
0
0
0
0
0
0
0
0
0
0
0
0
0
0
0
0
0
0
0
0
0
0
0
0
0
0
0
0
0
0
0
0
0
0
0
0
0
0
0
0
0
0
0
0
0
0
0
0
0
0
0
0
0
0
0
0
0
0
0
0
0
0
0
0
0
0
0
0
0
0
0
0
0
0
0
0
0
0
0
0
0
0
0
0
0
0
0
0
0
0
0
0
0
0
0
0
0
0
0
0
0
0
0
0
0
0
0
0
0
0
0
0
0
0
0
0
0
0
0
0
0
0
0
0
0
0
0
0
0
0
0
0
0
0
0
0
0
0
0
0
0
0
0
0
0
0
0
0
0
0
0
0
0
0
0
0
0
0
0
0
0
0
0
0
0
0
0
0
1.28237
0
0
0
0
0
0
0
0
0
0
0
0
0
0
0
0
0
0
0
0
0
0
0
0
0
0
0
0
0
0
0
0
0
0
0
0
0
0
0
0
0
0
0
0
0
0
0
0
0
0
0
0
0
0
0
0
0
0
0
0
0
0
0
0
0
0
0
0
0
0
0
0
0
0
0
0
0
0
0
0
0
0
0
0
0
0
0
0
0
0
0
0
0
0
0
0
0
0
0
0
0
0
0
0
0
0
0
0
0
0
0
0
0
0
0
0
0
0
0
0
0
0
0
0
0
0
0
0
0
0
0
0
0
0
0
0
0
0
0
0
0
0
0
0
0
0
0
0
0
0
0
0
0
0
0
0
0
0
0
0
0
0
0
0
0
0
0
0
0
0
0
0
0
0
0
0
0
0
0
0
0
0
0
0
0
0
0
0
0
0
0
0
0
0
0
0
0
0
0
0
0
0
0
0
0
0
0
0
0
0
0
0
0
0
0
0
0
0
0
0
0
0
0
0
0
0
0
0
0
0
0
0
0
0
0
0
0
0
0
0
0
0
0
0
0
0
0
0
0
0
0
0
0
0
0
0
0
0
0
0
0
0
0
0
0
0
0
0
0
0
0
0
0
0
0
0
0
0
0
0
0
0
0
0
0
0
0
0
0
0
0
0
0
0
0
0
0
0
0
0
0
0
0
0
0
0
0
0
0
0
0
0
0
0
0
0
0
0
0
0
0
0
0
0
0
0
0
0
0
0
0
0
0
0
0
0
0
0
0
0
0
0
0
0
0
0
0
0
0
0
0
0
0
0
0
0
0
0
0
0
0
0
0
0
0
0
0
0
0
0
0
0
0
0
0
0
0
0
0
0
0
0
0
0
0
0
0
0
0
0
0
0
0
0
0
0
0
0
0
0
0
0
0
0
0
0
0
0
0
0
0
0
0
0
0
0
0
0
0
0
0
0
0
0
0
0
0
0
0
0
0
0
0
0
0
0
0
0
0
0
0
0
0
0
0
0
0
0
0
0
0
0
0
0
0
0
0
0
0
0
0
0
0
0
0
0
0
0
0
0
0
0
0
0
0
0
0
0
0
0
0
0
0
0
0
0
0
0
0
0
0
0
0
0
0
0
0
0
0
0
0
0
0
0
0
0
0
0
0
0
0
0
0
0
0
0
0
0
0
0
0
0
0
0
0
0
0
0
0
0
0
0
0
0
0
0
0
0
0
0
0
0
0
0
0
0
0
0
0
0
0
0
0
0
0
0
0
0
0
0
0
0
0
0
0
0
0
0
0
0
0
0
0
0
0
0
0
0
0
0
0
0
0
0
0
0
0
0
0
0
0
0
0
0
0
0
0
0
0
0
0
0
0
0
0
0
0
0
0
0
0
0
0
0
0
0.591701
0
0
0
0
0
0
0
0
0
0
0
0
0
0
0
0
0
0
0
0
0
0
0
0
0
0
0
0
0
0
0
0
0
0
0
0
0
0
0
0
0
0
0
0
0
0
0
0
0
0
0.546445
0
0
0
0
0
0
0
0
0
0
0
0.575564
0
0
0
0
0
0
0
0
0
0
0
0
0
0
0
0
0
0
0
0
0
0
0
0
0
0
0
0
0
0
0
0
0
0
0
0
0
0
0
0
0
0
0
0
0
0
0
0
0
0
0
0
0
0
0
0
0
0
0
0
0
0
0
0
0
0
0
0
0
0
0
0
0
0
0
0
0
0
0
0
0
0
0
0
0
0
0
0
0
0
0
0
0
0
0
0
0
0
0
0
0
0
0
0
0
0
0
0
0
0
0
0
0
0
0
0
0
0
0
0
0
0
0
0
0
0
0
0
0
0
0
0
0
0
0
0
0
0
0
0
0
0
0
0
0
0
0
0
0
0
0
0
0
0
0
0
0
0
0
0
0
0
0
0
0
0
0
0
0
0
0
0
0
0
0
0
0
0
0
0
0
0
0
0
0
0
0
0
0
0
0
0
0
0
0
0
0
0
0
0
0
0
0
0
0
0
0
0
0
0
0
0
0
0
0
0
0
0
0
0
0
0
0
0
0
0
0
0
0
0
0
0
0
0
0
0
0
0
0
0
0
0
0
0
0
0
0
0
0
0
0
0
0
0
0
0
0
0
0
0
0
0
0
0
0
0
0
0
0
0
0
0
0
0
0
0
0
0
0
0
0
0
0
0
0
0
0
0
0
0
0
0
0
0
0
0
0
0
0
0
0
0
0
0
0
0
0
0
0
0
0
0
0
0
0
0
0
0
0
0
0
0
0
0
0
0
0
0
0
0
0
0
0
0
0
0
0
0
0
0
0
0
0
0
0
0
0
0
0
0
0
0
0
0
0
0
0
0
0
0
0
0
0
0
0
0
0
0
0
0
0
0
0
0
0
0
0
0
0
0
0
0
0
0
0
0
0
0
0
0
0
0
0
0
0
0
0
0
0
0
0
0
0
0
0
0
0
0
0
0
0
0
0
0
0
0
0
0
0
0
0
0
0
0
0
0
0
0
0
0
0
0
0
0
0
0
0
0
0
0
0
0
0
0
0
0
0
0
0
0
0
0
0
0
0
0
0
0
0
0
0
0
0
0
0
0
0
0
0
0
0
0
0
0
0
0
0
0
0
0
0
0
0
0
0
0
0
0
0
0
0
0
0
0
0
0
0
0
0
0
0
0
0
0
0
0
0
0
0
0
0
0
0
0
0
0
0
0
0
0
0
0
0
0
0
0
0
0
0
0
0
0
0
0
0
0
0
0
0
0
0
0
0
0
0
0
0
0
0
0
0
0
0
0
0
0
0
0
0
0
0
0
0
0
0
0
0
0
0
0
0
0
0
0
0
0
0
0
0
0
0
0
0
0
0
0
0
0
0
0
0
0
0
0
0
0
0
0
0
0
0
0
0
0
0
0
0
0
0
0
0
0
0
0
0
0
0
0
0
0
0
0
0
0
0
0
0
0
0
0
0
0
0
0
0
0
0
0
0
0
0
0
0
0
0
0
0
0
0
0
0
0
0
0
0
0
0
0
0
0
0
0
0
0
0
0
0
0
0
0
0
0
0
0
0
0
0
0
0
0
0
0
0
0
0
0
0
0
0
0
0
0
0
0
0
0
0
0
0
0
0
0
0
0
0
0
0
0
0
0
0
0
0
0
0
0
0
0
0
0
0
0
0
0
0
0
0
0
0
0
0
0
0
0
0
0
0
0
0
0
0
0
0
0
0
0
0
0
0
0
0
0
0
0
0
0
0
0
0
0
0
0
0
0
0
0
0
0
0
0
0
0
0
0
0
0
0
0
0
0
0
0
0
0
0
0
0
0
0
0
0
0
0
0
0
0
0
0
0
0
0
0
0
0
0
0
0
0
0
0
0
0
0
0
0
0
0
0
0
0
0
0
0
0
0
0
0
0
0
0
0
0
0
0
0
0
0
0
0
0
0
0
0
0
0
0
0
0
0
0
0
0
0
0
0
0
0
0
0
0
0
0
0
0
0
0
0
0
0
0
0
0
0
0
0
0
0
0
0
0
0
0
0
0
0
0
0
0
0
0
0
0
0
0
0
0
0
0
0
0
0
0
0
0
0
0
0
0
0
0
0
0
0
0
0
0
0
0
0
0
0
0
0
0
0
0
0
0
0
0
0
0
0
0
0
0
0
0
0
0
0
0
0
0
0
0
0
0
0
0
0
0
0
0
0
0
0
0
0
0
0
0
0
0
0
0
0
0
0
0
0
0
0
0
0
0
0
0
0
0
0
0
0
0
0
0
0
0
0
0
0
0
0
0
0
0
0
0
0
0
0
0
0
0
0
0
0
0
0
0
0
0
0
0
0
0
0
0
0
0
0
0
0
0
0
0
0
0
0
0
0
0
0
0
0
0
0
0
0
0
0
0
0
0
0
0
0
0
0
0
0
0
0
0
0
0
0
0
0
0
0
0
0
0
0
0
0
0
0
0
0
0
0
0
0
0
0
0
0
0
0
0
0
0
0
0
0
0
0
0
0
0
0
0
0
0
0
0
0
0
0
0
0
0
0
0
0
0
0
0
0
0
0
0
0
0
0
0
0
0
0
0
0
0
0
0
0
0
0
0
0
0
0
0
0
0
0
0
0
0
0
0
0
0
0
0
0
0
0
0
0
0
0
0
0
0
0
0
0
0
0
0
0
0
0
0
0
0
0
0
0
0
0
0
0
0
0
0
0
0
0
0
0
0
0
0
0
0
0
0
0
0
0
0
0
0
0
0
0
0
0
0
0
0
0
0
0
0
0
0
0
0
0
0
0
0
0
0
0
0
0
0
0
0
0
0
0
0
0
0
0
0
0
0
0
0
0
0
0
0
0
0
0
0
0
0
0
0
0
0
0
0
0
0
0
0
0
0
0
0
0
0
0
0
0
0
0
0
0
0
0
0
0
0
0
0
0
0
0
0
0
0
0
0
0
0
0
0
0
0
0
0
0
0
0
0
0
0
0
0
0
0
0
0
0
0
0
0
0
0
0
0
0
0
0
0
0
0
0
0
0
0
0
0
0
0
0
0
0
0
0
0
0
0
0
0
0
0
0
0
0
0
0
0
0
0
0
0
0
0
0
0
0
0
0
0
0
0
0
0
0
0
0
0
0
0
0
0
0
0
0
0
0
0
0
0
0
0
0
0
0
0
0
0
0
0
0
0
0
0
0
0
0
0
0
0
0
0
0
0
0
0
0
0
0
0
0
0
0
0
0
0
0
0
0
0
0
0
0
0
0
0
0
0
0
0
0
0
0
0
0
0
0
0
0
0
0
0
0
0
0
0
0
0
0
0
0
0
0
0
0
0
0
0
0
0
0
0
0
0
0
0
0
0
0
0
0
0
0
0
0
0
0
0
0
0
0
0
0
0
0
0
0
0
0
0
0
0
0
0
0
0
0
0
0
0
0
0
0
0
0
0
0
0
0
0
0
0
0
0
0
0
0
0
0
0
0
0
0
0
0
0
0
0
0
0
0
0
0
0
0
0
0
0
0
0
0
0
0
0
0
0
0
0
0
0
0
0
0
0
0
0
0
0
0
0
0
0
0
0
0
0
0
0
0
0
0
0
0
0
0
0
0
0
0
0
0
0
0
0
0
0
0
0
0
0
0
0
0
0
0
0
0
0
0
0
0
0
0
0
0
0
0
0
0
0
0
0
0
0
0
0
0
0
0
0
0
0
0
0
0
0
0
0
0
0
0
0
0
0
0
0
0
0
0
0
0
0
0
0
0
0
0
0
0
0
0
0
0
0
0
0
0
0
0
0
0
0
0
0
0
0
0
0
0
0
0
0
0
0
0
0
0
0
0
0
0
0
0
0
0
0
0
0
0
0
0
0
0
0
0
0
0
0
0
0
0
0
0
0
0
0
0
0
0
0
0
0
0
0
0
0
0
0
0
0
0
0
0
0
0
0
0
0
0
0
0
0
0
0
0
0
0
0
0
0
0
0
0
0
0
0
0
0
0
0
0
0
0
0
0
0
0
0
0
0
0
0
0
0
0
0
0
0
0
0
0
0
0
0
0
0
0
0
0
0
0
0
0
0
0
0
0
0
0
0
0
0
0
0
0
0
0
0
0
0
0
0
0
0
0
0
0
0
0
0
0
0
0
0
0
0
0
0
0
0
0
0
0
0
0
0
0
0
0
0
0
0
0
0
0
0
0
0
0
0
0
0
0
0
0
0
0
0
0
0
0
0
0
0
0
0
0
0
0
0
0
0
0
0
0
0
0
0
0
0
0
0
0
0
0
0
0
0
0
0
0
0
0
0
0
0
0
0
0
0
0
0
0
0
0
0
0
0
0
0
0
0
0
0
0
0
0
0
0
0
0
0
0
0
0
0
0
0
0
0
0
0
0
0
0
0
0
0
0
0
0
0
0
0
0
0
0
0
0
0
0
0
0
0
0
0
0
0
0
0
0
0
0
0
0
0
0
0
0
0
0
0
0
0
0
0
0
0
0
0
0
0
0
0
0
0
0
0
0
0
0
0
0
0
0
0
0
0
0
0
0
0
0
0
0
0
0
0
0
0
0
0
0
0
0
0
0
0
0
0
0
0
0
0
0
0
0
0
0
0
0
0
0
0
0
0
0
0
0
0
0
0
0
0
0
0
0
0
0
0
0
0
0
0
0
0
0
0
0
0
0
0
0
0
0
0
0
0
0
0
0
0
0
0
0
0
0
0
0
0
0
0
0
0
0
0
0
0
0
0
0
0
0
0
0
0
0
0
0
0
0
0
0
0
0
0
0
0
0
0
0
0
0
0
0
0
0
0
0
0
0
0
0
0
0
0
0
0
0
0
0
0
0
0
0
0
0
0
0
0
0
0
0
0
0
0
0
0
0
0
0
0
0
0
0
0
0
0
0
0
0
0
0
0
0
0
0
0
0
0
0
0
0
0
0
0
0
0
0
0
0
0
0
0
0
0
0
0
0
0
0
0
0
0
0
0
0
0
0
0
0
0
0
0
0
0
0
0
0
0
0
0
0
0
0
0
0
0
0
0
0
0
0
0
0
0
0
0
0
0
0
0
0
0
0
0
0
0
0
0
0
0
0
0
0
0
0
0
0
0
0
0
0
0
0
0
0
0
0
0
0
0
0
0
0
0
0
0
0
0
0
0
0
0
0
0
0
0
0
0
0
0
0
0
0
0
0
0
0
0
0
0
0
0
0
0
0
0
0
0
0
0
0
0
0
0
0
0
0
0
0
0
0
0
0
0
0
0
0
0
0
0
0
0
0
0
0
0
0
0
0
0
0
0
0
0
0
0
0
0
0
0
0
0
0
0
0
0
0
0
0
0
0
0
0
0
0
0
0
0
0
0
0
0
0
0
0
0
0
0
0
0
0
0
0
0
0
0
0
0
0
0
0
0
0
0
0
0
0
0
0
0
0
0
0
0
0
0
0
0
0
0
0
0
0
0
0
0
0
0
0
0
0
0
0
0
0
0
0
0
0
0
0
0
0
0
0
0
0
0
0
0
0
0
0
0
0
0
0
0
0
0
0
0
0
0
0
0
0
0
0
0
0
0
0
0
0
0
0
0
0
0
0
0
0
0
0
0
0
0
0
0
0
0
0
0
0
0
0
0
0
0
0
0
0
0
0
0
0
0
0
0
0
0
0
0
0
0
0
0
0
0
0
0
0
0
0
0
0
0
0
0
0
0
0
0
0
0
0
0
0
0
0
0
0
0
0
0
0
0
0
0
0
0
0
0
0
0
0
0
0
0
0
0
0
0
0
0
0
0
0
0
0
0
0
0
0
0
0
0
0
0
0
0
0
0
0
0
0
0
0
0
0
0
0
0
0
0
0
0
0
0
0
0
0
0
0
0
0
0
0
0
0
0
0
0
0
0
0
0
0
0
0
0
0
0
0
0
0
0
0
0
0
0
0
0
0
0
0
0
0
0
0
0
0
0
0
0
0
0
0
0
0
0
0
0
0
0
0
0
0
0
0
0
0
0
0
0
0
0
0
0
0
0
0
0
0
0
0
0
0
0
0
0
0
0
0
0
0
0
0
0
0
0
0
0
0
0
0
0
0
0
0
0
0
0
0
0
0
0
0
0
0
0
0
0
0
0
0
0
0
0
0
0
0
0
0
0
0
0
0
0
0
0
0
0
0
0
0
0
0
0
0
0
0
0
0
0
0
0
0
0
0
0
0
0
0
0
0
0
0
0
0
0
0
0
0
0
0
0
0
0
0
0
0
0
0
0
0
0
0
0
0
0
0
0
0
0
0
0
0
0
0
0
0
0
0
0
0
0
0
0
0
0
0
0
0
0
0
0
0
0
0
0
0
0
0
0
0
0
0
0
0
0
0
0
0
0
0
0
0
0
0
0
0
0
0
0
0
0
0
0
0
0
0
0
0
0
0
0
0
0
0
0
0
0
0
0
0
0
0
0
0
0
0
0
0
0
0
0
0
0
0
0
0
0
0
0
0
0
0
0
0
0
0
0
0
0
0
0
0
0
0
0
0
0
0
0
0
0
0
0
0
0
0
0
0
0
0
0
0
0
0
0
0
0
0
0
0
0
0
0
0
0
0
0
0
0
0
0
0
0
0
0
0
0
0
0
0
0
0
0
0
0
0
0
0
0
0
0
0
0
0
0
0
0
0
0
0
0
0
0
0
0
0
0
0
0
0
0
0
0
0
0
0
0
0
0
0
0
0
0
0
0
0
0
0
0
0
0
0
0
0
0
0
0
0
0
0
0
0
0
0
0
0
0
0
0
0
0
0
0
0
0
0
0
0
0
0
0
0
0
0
0
0
0
0
0
0
0
0
0
0
0
0
0
0
0
0
0
0
0
0
0
0
0
0
0
0
0
0
0
0
0
0
0
0
0
0
0
0
0
0
0
0
0
0
0
0
0
0
0
0
0
0
0
0
0
0
0
0
0
0
0
0
0
0
0
0
0
0
0
0
0
0
0
0
0
0
0
0
0
0
0
0
0
0
0
0
0
0
0
0
0
0
0
0
0
0
0
0
0
0
0
0
0
0
0
0
0
0
0
0
0
0
0
0
0
0
0
0
0
0
0
0
0
0
0
0
0
0
0
0
0
0
0
0
0
0
0
0
0
0
0
0
0
0
0
0
0
0
0
0
0
0
0
0
0
0
0
0
0
0
0
0
0
0
0
0
0
0
0
0
0
0
0
0
0
0
0
0
0
0
0
0
0
0
0
0
0
0
0
0
0
0
0
0
0
0
0
0
0
0
0
0
0
0
0
0
0
0
0
0
0
0
0
0
0
0
0
0
0
0
0
0
0
0
0
0
0
0
0
0
0
0
0
0
0
0
0
0
0
0
0
0
0
0
0
0
0
0
0
0
0
0
0
0
0
0
0
0
0
0
0
0
0
0
0
0
0
0
0
0
0
0
0
0
0
0
0
0
0
0
0
0
0
0
0
0
0
0
0
0
0
0
0
0
0
0
0
0
0
0
0
0
0
0
0
0
0
0
0
0
0
0
0
0
0
0
0
0
0
0
0
0
0
0
0
0
0
0
0
0
0
0
0
0
0
0
0
0
0
0
0
0
0
0
0
0
0
0
0
0
0
0
0
0
0
0
0
0
0
0
0
0
0
0
0
0
0
0
0
0
0
0
0
0
0
0
0
0
0
0
0
0
0
0
0
0
0
0
0
0
0
0
0
0
0
0
0
0
0
0
0
0
0
0
0
0
0
0
0
0
0
0
0
0
0
0
0
0
0
0
0
0
0
0
0
0
0
0
0
0
0
0
0
0
0
0
0
0
0
0
0
0
0
0
0
0
0
0
0
0
0
0
0
0
0
0
0
0
0
0
0
0
0
0
0
0
0
0
0
0
0
0
0
0
0
0
0
0
0
0
0
0
0
0
0
0
0
0
0
0
0
0
0
0
0
0
0
0
0
0
0
0
0
0
0
0
0
0
0
0
0
0
0
0
0
0
0
0
0
0
0
0
0
0
0
0
0
0
0
0
0
0
0
0
0
0
0
0
0
0
0
0
0
0
0
0
0
0
0
0
0
0
0
0
0
0
0
0
0
0
0
0
0
0
0
0
0
0
0
0
0
0
0
0
0
0
0
0
0
0
0
0
0
0
0
0
0
0
0
0
0
0
0
0
0
0
0
0
0
0
0
0
0
0
0
0
0
0
0
0
0
0
0
0
0
0
0
0
0
0
0
0
0
0
0
0
0
0
0
0
0
0
0
0
0
0
0
0
0
0
0
0
0
0
0
0
0
0
0
0
0
0
0
0
0
0
0
0
0
0
0
0
0
0
0
0
0
0
0
0
0
0
0
0
0
0
0
0
0
0
0
0
0
0
0
0
0
0
0
0
0
0
0
0
0
0
0
0
0
0
0
0
0
0
0
0
0
0
0
0
0
0
0
0
0
0
0
0
0
0
0
0
0
0
0
0
0
0
0
0
0
0
0
0
0
0
0
0
0
0
0
0
0
0
0
0
0
0
0
0
0
0
0
0
0
0
0
0
0
0
0
0
0
0
0
0
0
0
0
0
0
0
0
0
0
0
0
0
0
0
0
0
0
0
0
0
0
0
0
0
0
0
0
0
0
0
0
0
0
0
0
0
0
0
0
0
0
0
0
0
0
0
0
0
0
0
0
0
0
0
0
0
0
0
0
0
0
0
0
0
0
0
0
0
0
0
0
0
0
0
0
0
0
0
0
0
0
0
0
0
0
0
0
0
0
0
0
0
0
0
0
0
0
0
0
0
0
0
0
0
0
0
0
0
0
0
0
0
0
0
0
0
0
0
0
0
0
0
0
0
0
0
0
0
0
0
0
0
0
0
0
0
0
0
0
0
0
0
0
0
0
0
0
0
0
0
0
0
0
0
0
0
0
0
0
0
0
0
0
0
0
0
0
0
0
0
0
0
0
0
0
0
0
0
0
0
0
0
0
0
0
0
0
0
0
0
0
0
0
0
0
0
0
0
0
0
0
0
0
0
0
0
0
0
0
0
0
0
0
0
0
0
0
0
0
0
0
0
0
0
0
0
0
0
0
0
0
0
0
0
0
0
0
0
0
0
0
0
0
0
0
0
0
0
0
0
0
0
0
0
0
0
0
0
0
0
0
0
0
0
0
0
0
0
0
0
0
0
0
0
0
0
0
0
0
0
0
0
0
0
0
0
0
0
0
0
0
0
0
0
0
0
0
0
0
0
0
0
0
0
0
0
0
0
0
0
0
0
0
0
0
0
0
0
0
0
0
0
0
0
0
0
0
0
0
0
0
0
0
0
0
0
0
0
0
0
0
0
0
0
0
0
0
0
0
0
0
0
0
0
0
0
0
0
0
0
0
0
0
0
0
0
0
0
0
0
0
0
0
0
0
0
0
0
0
0
0
0
0
0
0
0
0
0
0
0
0
0
0
0
0
0
0
0
0
0
0
0
0
0
0
0
0
0
0
0
0
0
0
0
0
0
0
0
0
0
0
0
0
0
0
0
0
0
0
0
0
0
0
0
0
0
0
0
0
0
0
0
0
0
0
0
0
0
0
0
0
0
0
0
0
0
0
0
0
0
0
0
0
0
0
0
0
0
0
0
0
0
0
0
0
0
0
0
0
0
0
0
0
0
0
0
0
0
0
0
0
0
0
0
0
0
0
0
0
0
0
0
0
0
0
0
0
0
0
0
0
0
0
0
0
0
0
0
0
0
0
0
0
0
0
0
0
0
0
0
0
0
0
0
0
0
0
0
0
0
0
0
0
0
0
0
0
0
0
0
0
0
0
0
0
0
0
0
0
0
0
0
0
0
0
0
0
0
0
0
0
0
0
0
0
0
0
0
0
0
0
0
0
0
0
0
0
0
0
0
0
0
0
0
0
0
0
0
0
0
0
0
0
0
0
0
0
0
0
0
0
0
0
0
0
0
0
0
0
0
0
0
0
0
0
0
0
0
0
0
0
0
0
0
0
0
0
0
0
0
0
0
0
0
0
0
0
0
0
0
0
0
0
0
0
0
0
0
0
0
0
0
0
0
0
0
0
0
0
0
0
0
0
0
0
0
0
0
0
0
0
0
0
0
0
0
0
0
0
0
0
0
0
0
0
0
0
0
0
0
0
0
0
0
0
0
0
0
0
0
0
0
0
0
0
0
0
0
0
0
0
0
0
0
0
0
0
0
0
0
0
0
0
0
0
0
0
0
0
0
0
0
0
0
0
0
0
0
0
0
0
0
0
0
0
0
0
0
0
0
0
0
0
0
0
0
0
0
0
0
0
0
0
0
0
0
0
0
0
0
0
0
0
0
0
0
0
0
0
0
0
0
0
0
0
0
0
0
0
0
0
0
0
0
0
0
0
0
0
0
0
0
0
0
0
0
0
0
0
0
0
0
0
0
0
0
0
0
0
0
0
0
0
0
0
0
0
0
0
0
0
0
0
0
0
0
0
0
0
0
0
0
0
0
0
0
0
0
0
0
0
0
0
0
0
0
0
0
0
0
0
0
0
0
0
0
0
0
0
0
0
0
0
0
0
0
0
0
0
0
0
0
0
0
0
0
0
0
0
0
0
0
0
0
0
0
0
0
0
0
0
0
0
0
0
0
0
0
0
0
0
0
0
0
0
0
0
0
0
0
0
0
0
0
0
0
0
0
0
0
0
0
0
0
0
0
0
0
0
0
0
0
0
0
0
0
0
0
0
0
0
0
0
0
0
0
0
0
0
0
0
0
0
0
0
0
0
0
0
0
0
0
0
0
0
0
0
0
0
0
0
0
0
0
0
0
0
0
0
0
0
0
0
0
0
0
0
0
0
0
0
0
0
0
0
0
0
0
0
0
0
0
0
0
0
0
0
0
0
0
0
0
0
0
0
0
0
0
0
0
0
0
0
0
0
0
0
0
0
0
0
0
0
0
0
0
0
0
0
0
0
0
0
0
0
0
0
0
0
0
0
0
0
0
0
0
0
0
0
0
0
0
0
0
0
0.307941
0
0
0
0
0
0
0
0
0
0
0
0
0
0
0
0
0
0
0
0
0
0
0
0
0
0
0
0
0
0
0
0
0
0
0
0
0
0
0
0
0
0
0
0
0
0
0
0
0
0
0
0
0
0
0
0
0
0
0
0
0
0
0
0
0
0
0
0
0
0
0
0
0
0
0
0
0
0
0
0
0
0
0
0
0
0
0
0
0
0
0
0
0
0
0
0
0
0
0
0
0
0
0
0
0
0
0
0
0
0
0
0
0
0
0
0
0
0
0
0
0
0
0
0
0
0
0
0
0
0
0
0
0
0
0
0
0
0
0
0
0
0
0
0
0
0
0
0
0
0
0
0
0
0
0
0
0
0
0
0
0
0
0
0
0
0
0
0
0
0
0
0
0
0
0
0
0
0
0
0
0
0
0
0
0
0
0
0
0
0
0
0
0
0
0
0
0
0
0
0
0
0
0
0
0
0
0
0
0
0
0
0
0
0
0
0
0
0
0
0
0
0
0
0
0
0
0
0
0
0
0
0
0
0
0
0
0
0
0
0
0
0
0
0
0
0
0
0
0
0
0
0
0
0
0
0
0
0
0
0
0
0
0
0
0
0
0
0
0
0
0
0
0
0
0
0
0
0
0
0
0
0
0
0
0
0
0
0
0
0
0
0
0
0
0
0
0
0
0
0
0
0
0
0
0
0
0
0
0
0
0
0
0
0
0
0
0
0
0
0
0
0
0
0
0
0
0
0
0
0
0
0
0
0
0
0
0
0
0
0
0
0
0
0
0
0
0
0
0
0
0
0
0
0
0
0
0
0
0
0
0
0
0
0
0
0
0
0
0
0
0
0
0
0
0
0
0
0
0
0
0
0
0
0
0
0
0
0
0
0
0
0
0
0
0
0
0
0
0
0
0
0
0
0
0
0
0
0
0
0
0
0
0
0
0
0
0
0
0
0
0
0
0
0
0
0
0
0
0
0
0
0
0
0
0
0
0
0
0
0
0
0
0
0
0
0
0
0
0
0
0
0
0
0
0
0
0
0
0
0
0
0
0
0
0
0
0
0
0
0
0
0
0
0
0
0
0
0
0
0
0
0
0
0
0
0
0
0
0
0
0
0
0
0
0
0
0
0
0
0
0
0
0
0
0
0
0
0
0
0
0
0
0
0
0
0
0
0
0
0
0
0
0
0
0
0
0
0
0
0
0
0
0
0
0
0
0
0
0
0
0
0
0
0
0
0
0
0
0
0
0
0
0
0
0
0
0
0
0
0
0
0
0
0
0
0
0
0
0
0
0
0
0
0
0
0
0
0
0
0
0
0
0
0
0
0
0
0
0
0
0
0
0
0
0
0
0
0
0
0
0
0
0
0
0
0
0
0
0
0
0
0
0
0
0
0
0
0
0
0
0
0
0
0
0
0
0
0
0
0
0
0
0
0
0
0
0
0
0
0
0
0
0
0
0
0
0
0
0
0
0
0
0
0
0
0
0
0
0
0
0
0
0
0
0
0
0
0
0
0
0
0
0
0
0
0
0
0
0
0
0
0
0
0
0
0
0
0
0
0
0
0
0
0
0
0
0
0
0
0
0
0
0
0
0
0
0
0
0
0
0
0
0
0
0
0
0
0
0
0
0
0
0
0
0
0
0
0
0
0
0
0
0
0
0
0
0
0
0
0
0
0
0
0
0
0
0
0
0
0
0
0
0
0
0
0
0
0
0
0
0
0
0
0
0
0
0
0
0
0
0
0
0
0
0
0
0
0
0
0
0
0
0
0
0
0
0
0
0
0
0
0
0
0
0
0
0
0
0
0
0
0
0
0
0
0
0
0
0
0
0
0
0
0
0
0
0
0
0
0
0
0
0
0
0
0
0
0
0
0
0
0
0
0
0
0
0
0
0
0
0
0
0
0
0
0
0
0
0
0
0
0
0
0
0
0
0
0
0
0
0
0
0
0
0
0
0
0
0
0
0
0
0
0
0
0
0
0
0
0
0
0
0
0
0
0
0
0
0
0
0
0
0
0
0
0
0
0
0
0
0
0
0
0
0
0
0
0
0
0
0
0
0
0
0
0
0
0
0
0
0
0
0
0
0
0
0
0
0
0
0
0
0
0
0
0
0
0
0
0
0
0
0
0
0
0
0
0
0
0
0
0
0
0
0
0
0
0
0
0
0
0
0
0
0
0
0
0
0
0
0
0
0
0
0
0
0
0
0
0
0
0
0
0
0
0
0
0.434193
0
0
0
0
0
0
0
0
0
0
0
0
0
0
0
0
0
0
0
0
0
0
0
0
0
0
0
0
0
0
0
0
0
0
0
0
0
0
0
0
0
0
0
0
0
0
0
0
0
0
0
0
0
0
0
0
0
0
0
0
0
0
0
0
0
0
0
0
0
0
0
0
0
0
0
0
0
0
0
0
0
0
0
0
0
0
0
0
0
0
0
0
0
0
0
0
0
0
0
0
0
0
0
0
0
0
0
0
0
0
0
0
0
0
0
0
0
0
0
0
0
0
0
0
0
0
0
0
0
0
0
0
0
0
0
0
0
0
0
0
0
0
0
0
0
0
0
0
0
0
0
0
0
0
0
0
0
0
0
0
0
0
0
0
0
0
0
0
0
0
0
0
0
0
0
0
0
0
0
0
0
0
0
0
0
0
0
0
0
0
0
0
0
0
0
0
0
0
0
0
0
0
0
0
0
0
0
0
0
0
0
0
0
0
0
0
0
0
0
0
0
0
0
0
0
0
0
0
0
0
0
0
0
0
0
0
0
0
0
0
0
0
0
0
0
0
0
0
0
0
0
0
0
0
0
0
0
0
0
0
0
0
0
0
0
0
0
0
0
0
0
0
0
0
0
0
0
0
0
0
0
0
0
0
0
0
0
0
0
0
0
0
0
0
0
0
0
0
0
0
0
0
0
0
0
0
0
0
0
0
0
0
0
0
0
0
0
0
0
0
0
0
0
0
0
0
0
0
0
0
0
0
0
0
0
0
0
0
0
0
0
0
0
0
0
0
0
0
0
0
0
0
0
0
0
0
0
0
0
0
0
0
0
0
0
0
0
0
0
0
0
0
0
0
0
0
0
0
0
0
0
0
0
0
0
0
0
0
0
0
0
0
0
0
0
0
0
0
0
0
0
0
0
0
0
0
0
0
0
0
0
0
0
0
0
0
0
0
0
0
0
0
0
0
0
0
0
0
0
0
0
0
0
0
0
0
0
0
0
0
0
0
0
0
0
0
0
0
0
0
0
0
0
0
0
0
0
0
0
0
0
0
0
0
0
0
0
0
0
0
0
0
0
0
0
0
0
0
0
0
0
0
0
0
0
0
0
0
0
0
0
0
0
0
0
0
0
0
0
0
0
0
0
0
0
0
0
0
0
0
0
0
0
0
0
0
0
0
0
0
0
0
0
0
0
0
0
0
0
0
0
0
0
0
0
0
0
0
0
0
0
0
0
0
0
0
0
0
0
0
0
0
0
0
0
0
0
0
0
0
0
0
0
0
0
0
0
0
0
0
0
0
0
0
0
0
0
0
0
0
0
0
0
0
0
0
0
0
0
0
0
0
0
0
0
0
0
0
0
0
0
0
0
0
0
0
0
0
0
0
0
0
0
0
0
0
0
0
0
0
0
0
0
0
0
0
0
0
0
0
0
0
0
0
0
0
0
0
0
0
0
0
0.399973
0
0
0
0
0
0
0
0
0
0
0
0
0
0
0
0
0
0
0
0
0
0
0
0
0
0
0
0
0
0
0
0
0
0
0
0
0
0
0
0
0
0
0
0
0
0
0
0
0
0
0
0
0
0
0
0
0
0
0
0
0
0
0
0
0
0
0
0
0
0
0
0
0
0
0
0
0
0
0
0
0
0
0
0
0
0
0
0
0
0
0
0
0
0
0
0
0
0
0
0
0
0
0
0
0
0
0
0
0
0
0
0
0
0
0
0
0
0
0
0
0
0
0
0
0
0
0
0
0
0
0
0
0
0
0
0
0
0
0
0
0
0
0
0
0
0
0
0
0
0
0
0
0
0
0
0
0
0
0
0
0
0
0
0
0
0
0
0
0
0
0
0
0
0
0
0
0
0
0
0
0
0
0
0
0
0
0
0
0
0
0
0
0
0
0
0
0
0
0
0
0
0
0
0
0
0
0
0
0
0
0
0
0
0
0
0
0
0
0
0
0
0
0
0
0
0
0
0
0
0
0
0
0
0
0
0
0
0
0
0
0
0
0
0
0
0
0
0
0
0
0
0
0
0
0
0
0
0
0
0
0
0
0
0
0
0
0
0
0
0
0
0
0
0
0
0
0
0
0
0
0
0
0
0
0
0
0
0
0
0
0
0
0
0
0
0
0
0
0
0
0
0
0
0
0
0
0
0
0
0
0
0
0
0
0
0
0
0
0
0
0
0
0
0
0
0
0
0
0
0
0
0
0
0
0
0
0
0
0
0
0
0
0
0
0
0
0
0
0
0
0
0
0
0
0
0
0
0
0
0
0
0
0
0
0
0
0
0
0
0
0
0
0
0
0
0
0
0
0
0
0
0
0
0
0
0
0
0
0
0
0
0
0
0
0
0
0
0
0
0
0
0
0
0
0
0
0
0
0
0
0
0
0
0
0
0
0
0
0
0
0
0
0
0
0
0
0
0
0
0
0
0
0
0
0
0
0
0
0
0
0
0
0
0
0
0
0
0
0
0
0
0
0
0
0
0
0
0
0
0
0
0
0
0
0
0
0
0
0
0
0
0
0
0
0
0
0
0
0
0
0
0
0
0
0
0
0
0
0
0
0
0
0
0
0
0
0
0
0
0
0
0
0
0
0
0
0
0
0
0
0
0
0
0
0
0
0
0
0
0
0
0
0
0
0
0
0
0
0
0
0
0
0
0
0
0
0
0
0
0
0
0
0
0
0
0
0
0
0
0
0
0
0
0
0
0
0
0
0
0
0
0
0
0
0
0
0
0
0
0
0
0
0
0
0
0
0
0
0
0
0
0
0
0
0
0
0
0
0
0
0
0
0
0
0
0
0
0
0
0
0
0
0
0
0
0
0
0
0
0
0
0
0
0
0
0
0
0
0
0
0
0
0
0
0
0
0
0
0
0
0
0
0
0
0
0
0
0
0
0
0
0
0
0
0
0
0
0
0
0
0
0
0
0
0
0
0
0
0
0
0
0
0
0
0
0
0
0
0
0
0
0
0
0
0
0
0
0
0
0
0
0
0
0
0
0
0
0
0
0
0
0
0
0
0
0
0
0
0
0
0
0
0
0
0
0
0
0
0
0
0
0
0
0
0
0
0
0
0
0
0
0
0
0
0
0
0
0
0
0
0
0
0
0
0
0
0
0
0
0
0
0
0
0
0
0
0
0
0
0
0
0
0
0
0
0
0
0
0
0
0
0
0
0
0
0
0
0
0
0
0
0
0
0
0
0
0
0
0
0
0
0
0
0
0
0
0
0
0
0
0
0
0
0
0
0
0
0
0
0
0
0
0
0
0
0
0
0
0
0
0
0
0
0
0
0
0
0
0
0
0
0
0
0
0
0
0
0
0
0
0
0
0
0
0
0
0
0
0
0
0
0
0
0
0
0
0
0
0
0
0
0
0
0
0
0
0
0
0
0
0
0
0
0
0
0
0
0
0
0
0
0
0
0
0
0
0
0
0
0
0
0
0
0
0
0
0
0
0
0
0
0
0
0
0
0
0
0
0
0
0
0
0
0
0
0
0
0
0
0
0
0
0
0
0
0
0
0
0
0
0
0
0
0
0
0
0
0
0
0
0
0
0
0
0
0
0
0
0
0.632544
0
0
0
0
0
0
0
0
0
0
0
0
0
0
0
0
0
0
0
0
0
0
0
0
0
0
0
0
0
0
0
0
0
0
0
0
0
0
0
0
0
0
0
0
0
0
0
0
0
0
0
0
0
0
0
0
0
0
0
0
0
0
0
0
0
0
0
0
0
0
0
0
0
0
0
0
0
0
0
0
0
0
0
0
0
0
0
0
0
0
0
0
0
0
0
0
0
0
0
0
0
0
0
0
0
0
0
0
0
0
0
0
0
0
0
0
0
0
0
0
0
0
0
0
0
1.20486
0
0
0
0
0
0
0
0
0
0
0
0
0
0
0
0
0
0
0
0
0
0
0
0
0
0
0
0
0
0
0
0
0
0
0
0
0
0
0
0
0
0
0
0
0
0
0
0
0
0
0
0
0
0
0
0
0
0
0
0
0
0
0
0
0
0
0
0
0
0
0
0
0
0
0
0
0
0
0
0
0
0
0
0
0
0
0
0
0
0
0
0
0
0
0
0
0
0
0
0
0
0
0
0
0
0
0
0
0
0
0
0
0
0
0
0
0
0
0
0
0
0
0
0
0
0
0
0
0
0
0
0
0
0
0
0
0
0
0
0
0
0
0
0
0
0
0
0
0
0
0
0
0
0
0
0
0
0
0
0
0
0
0
0
0
0
0
0
0
0
0
0
0
0
0
0
0
0
0
0
0
0
0
0
0
0
0
0
0
0
0
0
0
0
0
0
0
0
0
0
0
0
0
0
0
0
0
0
0
0
0
0
0
0
0
0
0
0
0
0
0
0
0
0
0
0
0
0
0
0
0
0
0
0
0
0
0
0
0
0
0
0
0
0
0
0
0
0
0
0
0
0
0
0
0
0
0
0
0
0
0
0
0
0
0
0
0
0
0
0
0
0
0
0
0
0
0
0
0
0
0
0
0
0
0
0
0
0
0
0
0
0
0
0
0
0
0
0
0
0
0
0
0
0
0
0
0
0
0
0
0
0
0
0
0
0
0
0
0
0
0
0
0
0
0
0
0
0
0
0
0
0
0
0
0
0
0
0
0
0
0
0
0
0
0
0
0
0
0
0
0
0
0
0
0
0
0
0
0
0
0
0
0
0
0
0
0
0
0
0
0
0
0
0
0
0
0
0
0
0
0
0
0
0
0
0
0
0
0
0
0
0
0
0
0
0
0
0
0
0
0
0
0
0
0
0
0
0
0
0
0
0
0
0
0
0
0
0
0
0
0
0
0
0
0
0
0
0
0
0
0
0
0
0
0
0
0
0
0
0
0
0
0
0
0
0
0
0
0
0
0
0
0
0
0
0
0
0
0
0
0
0
0
0
0
0
0
0
0
0
0
0
0
0
0
0
0
0
0
0
0
0
0
0
0
0
0
0
0
0
0
0
0
0
0
0
0
0
0
0
0
0
0
0
0
0
0
0
0
0
0
0
0
0
0
0
0
0
0
0
0
0
0
0
0
0
0
0
0
0
0
0
0
0
0
0
0
0
0
0
0
0
0
0
0
0
0
0
0
0
0
0
0
0
0
0
0
0
0
0
0
0
0
0
0
0
0
0
0
0
0
0
0
0
0
0
0
0
0
0
0
0
0
0
0
0
0
0
0
0
0
0
0
0
0
0
0
0
0
0
0
0
0
0
0
0
0
0
0
0
0
0
0
0
0
0
0
0
0
0
0
0
0
0
0
0
0
0
0
0
0
0
0
0
0
0
0
0
0
0
0
0
0
0
0
0
0
0
0
0
0
0
0
0
0
0
0
0
0
0
0
0
0
0
0
0
0
0
0
0
0
0
0
0
0
0
0
0
0
0
0
0
0
0
0
0
0
0
0
0
0
0
0
0
0
0
0
0
0
0
0
0
0
0
0
0
0
0
0
0
0
0
0
0
0
0
0
0
0
0
0
0
0
0
0
0
0
0
0
0
0
0
0
0
0
0
0
0
0
0
0
0
0
0
0
0
0
0
0
0
0
0
0
0
0
0
0
0
0
0
0
0
0
0
0
0
0
0
0
0
0
0
0
0
0
0
0
0
0
0
0
0
0
0
0
0
0
0
0
0
0
0
0
0
0
0
0
0
0
0
0
0
0
0
0
0
0
0
0
0
0
0
0
0
0
0
0
0
0
0
0
0
0
0
0
0
0
0
0
0
0
0
0
0
0
0
0
0
0
0
0
0
0
0
0
0
0
0
0
0
